312

111111111111, audax: 111111111111 1 111111111
101101 1111 111111111111111.,Ζ1.163.

1111111111111, audacia: 111 11111111111111 1111111
11111111. Μ. 191.

1111111111, audere: 11111111111111 1111111111 111.
11110. 111 11 11 111111 1111111111.Μ.16. 11111111 111-
11111 1 1111. Μ. 517.

11111, audax: 1111111 111111. 01. 15.

11111111, 111 1111101 1111 111111118111 61111
'l'ape 1399. Π. 22.

1111111111, 1110 1 11111111111001111111 na
11111111 111111 1111Μ111111 110 Χ1111111111 ,111111-
1111. Μ. 58. 11111) 011111 1011111101 1111 1111111111.
11111111111111111 11 1111111111111611111111-1111
1111111111 11111111111 1111 11111 1111 11111111111 111
1111111111. Μ. 93.

11111, 111110 10111161101111101110111011 111-
1111 y 11111111181110110111, 11 1111111 1111111ζ1111·
1111 1111111, . . . 1111111 11111111 11 1111111 11 1111111·
1111 1111111 111111111111111. 111. 1111111111 111111 1
0111111111 1 11111111 1 11111111, 1111111 1111111111, 111-
111 611 61111111 Τ111110.11.6.22. 11 1111111 111111
1111111111 1111111111 1111111 1111 111111111111111111111
10111111111 1111 (111111, 111 11111111111011111 11111,
1 111 1111 1111 1111111111, 1 11111 11111111111, 111·
1111 1111111, 11111111 1 zen 11111111 811111 11 So·
1111, nume 11111 81111111, 111 1111111111 (3111111111. Μ.
4216. 111111 111111 1111111111 1 11111. 111131. 1111111111
11 111111. Π. 6. 83. 111 1111111. ΙΙ. 6. 83. 11111111 111111-
1111101 111110 0111111 1111111111 110111 1111111154.
1110 cy 61111111111111111, 11111111 10111011”Β1’1111, 11111-
1110111111111111 1 11111111 1111111111, 10 10111 111-
11111111111111111 6111 11111 Γο11111011111111, 11011
11111, 111 11 1111611111 1111 1111 111 ce 1110 110111
6111 1111111111 116111 11 1111111111. cs. 1111111111.

11111111, lignum: 11111111 1111011111. 11. 106.

 

