111111111, 1111111111111111111111,111111111111 1111111.
Onu. 011111, 111 11111111111111111 1111111111 11,
111111 11111111 1111 111111111111. 109. 11111111. 191.

111111, sagitta: 1111111 1111111 11 1111111 1111. 11.
2111111111111111111111111, 11111111111 1111111111
11111111 1111111 1111111111, 11111 11111111 111111
11111111111111 1111111111. y 111. 11111. 123. 11 11111111
1111111111.11.18. 1111111111 11111111 1111111111 11111.
19. 1111111111111.11.110. 111111 1111111111111 111111-
1111112111. 111.

1111111111111111,1111111111111111111111111111·
1111111 1111111 11111111111 1111111111 11111111. 111111.
611. 271.

11111111, 1111 111111 11111 011111 1111111111
111 1111111111 01111111. 1192.

11111111111,111 0111111111 1111111111 je 1111111
1111 ,111111 1111111 11111 11 1111111111 1111111192.

1111111111, 1111111111 1111111 11111111 11 1111. 11. 98.
11 cemma-M& 111111 1111111 11111111. 11. 38.

11111111,111111111111 111 11111111 1111111111 1111·
111111111 1111111111 1111. 2. 11111111 111 11111111 1111-
1111 11111111 1111111111. Γ. xl. 19.

1111 111, 1111111, custodire, 11. 1111111 1111111111
1111. 11. 13. 111111111 11111111111 111111. 1. 18. 11 1111
1111111 1 111111111137. 111111 11111111 1111 1111.
11. 13. 11 11111111 1111111111 11 11111 1 11 1111 1111
111111111111111.11.11. 1111111111, 1111111111 11 11111-
1111 1111111111 1111111111,111111111111 111 11111111
1111111111 111. 11. 181.

111111, 111111 1111111.

11111111, 1111111111 11111111111111111111 111·
111 1311111110. 11. 1817. lv. 51.

11111111,11111111111111 1111111 11 1111111111 nno

1111111111111111111111 111111 11 nebu 111 11111·
111 11 811111111. 197.

1111111, 1111111,11111111111111111111 11111 11 11

 

