478

110 111111 6011111111 ’1111111 0110118 1111111111 10110111
1111111111111111111111. 111139. 111 ce 11110 1011111111
ceno 6nn³y 1111111111.

11111111, 1111111. coll. radices: mann 1111111111
111111. 111. 1111111, 129.

11111111,101111 1111111 01111111 11111111 111-
1111111399-1112,1111111111 11 11111111 1 1111111111
1 11111111. [1. 23. 97. 1111.

111111,111111, 11. 1111111 1111 111111 111111111011.
11111 11111111 111111. Cr. 12. 1111111 111111. (11.4. 11 111111
111111111111111.11.25. 1111111 1111111 11111111 111111.
11171. 11111111 11111111 111111111133. 1111 111111 1111·
111 1111 1111 1111111 1111 11111111 1111111 1111111219. 1111
1111111 11111 1111111. Μ. 1127. 11111 1111111 1111 11111·
11111, 11 11 1111111 1ο 1111111111. M. 167.

1111,1Ιί1111; 11111111, 1111 11111 11111. M. 73.

1111111111, 111111 8111111111.Ι

11111111, 1111111111 ie 1111111 1111 1111 1111111111
11111111111. 199. C. 11. 1817. lv. 53. 1111 111111111111
1111111101 11011 111 1111111 111.

1111111111,1111101111111111111 111111 11 11111111·
111111111111 1111111 111111, 11111 11111111111111111111
11111. B. 111. 1. 33.

1111111, 1111111 1111011111 11 11011 1116101111-
uer ijenan, 111111 1111111 nyma: 1111111111111·

11111 11111111 1138. M. 391. 111111111111111111 11111111
1111111. Π. 1111.

1111111111, 1111111111 11111111 51111111 1111111 uo·
111111 1373-1.11. 184. 11. 1117.

111111, secare: 1111111 11 11 1111 1111 1111, 1111111·
111111. 1195. 11111 11 1111. Μ. 98. 11 11111· 1111 11111111
11111. 3. 31.

1111111111 1111, 111111 0111111111 1111111111 Λθ-
wana 11111 111111 1111111111 11 1111111111 111111921

1111111111,11111 ie Ργκο111111111111111 11 111 111·
11111111. Μ. 199,

 

