111111111111, mega} 11111111111.

1111111111, menni 11111111111.

1111111, ceno noje je 111111111111111111111111.
M. 1118.

11111, 11111111 111111111110111111 11111 11111111
1111111101 111111111111,11111111111111111111111111.

11111111, 1111111111- Β111 8111101111 11111111
1111111 1387. Μ. 209.

11111,11111111111111 11 1111111 neumarum&
11111111 111 1111111111. 163.

1111111,1111111111(111111)11111111 1111111, 11111,
nmwstssw

11111111, annulus: 11111 1111111111 11111111. M.
181 (nume 111 111111111111). 11111111 .1. Μ. (1011. 111·
11111 1 1111111 1111111.Μ.ι115. 1111111,1 111 111111
111111. Μ. 115. 1 11111111111. Μ. 425. 11111111 11111
1111111111. 11. 113. 1111 1111111111. Π. 11. 125. 1111 11-
11111111 11111111 1111111. Μ. 182.

1111111111, 1111111111 111111 111111111. Μ. Mo.
1111111111111.Μ.1111. 1111111111111111111111.Μ.108.
111111111111, 111 1111 111111 1111111111111 111111
1111111111. 1711. 111111111 11111117.

111111, m. digitus: 11111111 1111111111 1111111.
cm. 11111111 11111111 1111 1111111111.Γ.111.88. 111·
111 1111 11111111111111111111 1111 111111 111111111.
111111. 130.

111111, 1. humus: 111111 1 11111.01.3.11111111
111111 111111111111111111111.11.83.111 111111 1111111
1111 11111 1111. Μ. 1116.

11111111, terrenus: 111111111 111111111 111111.
Cr. 14. 1111111111 1 1111111111 1111111. Μ. 11111.

11111111, digiti: 111111 1111 1111111111 111111111.

1111111, 111111 1311111111 1111111 1111111 111111·
111,1111 1111111111 11111111 0111111111. 111.

1111111, 1111111 y Μ1111111011 1111111111111·

 

