170

111111111111,1111111111111111111111111111.Μ.162.
1111111111.111.473.

1111111111, november: 1111111 1111111111. Μ. 488.
489. 11111111.

111111, 1111111111 111111 11111111111 1111111111-
ba 1111 11111 1111111111. 144.

11111111111, sponsus: 11111111111 1111111111.

1111 11111, 61111111111111111111111111 111111
1 11111111111 11111111 81111 unca 1111011111 no·
111111611111111111. Μ. 154. 111 11 11 111111111111 11·
1111111111 1 11111111 81111.Μ.266. 268. 854. 435. unp io
,111111 11111111111Ρ111111111511111111 1111611 1111
1111111 11 11111111 81111. C. Λ. 1847. lv. 55. cena 1111
1111111 81111 11111111111111111111111 1111111 0111111
1111111111. mmo. 1 11111111 81111117. 1111111111111 11·
1111 1 11111111- 81111. Π. 138. 11111 1111 1111111 1111 1111
8111114121. 75. 111111 11111111 1111 11111 8111 81111
144171. 77. 11111111 11111 11111111 111111111111111111
81111 111111111111 1111111 1414. 11. 78. 8111 81111. Ji.
78. 111111 11111 11111111 7111111 11111 11111811111455.
A. 78. Γ. X. 273. 111111 111111111111 11 11111111 811111
1456. A. 79. vano 11 1468. A. 81. 1111111 11111111111111
1111111111 11 1111111 811111 1466. ,1. 81. nimo 111111
110111 5011 11111. Γ. Χ. 275. 111111 1111111111 111111 11·
111111 811111111111111111 111 11111 1111111111 111111·
111111 1467 1111). 1111. 81. Γ. X. 275.

11111111111111,11110 1111111111 111111181111111-
11 1111111111111326.11. 6. 7. 26. 1111111111 111111111·
11111111. 551. 1111111111111111111111.Μ.512. 111111111-
11111 1111111.Μ.332. 1111111111 11111111111111.11.6.79.
1111 111111111111 1111111.Μ.1163.11. 166.111111111111 11·
11111111111 1618. Μ. 558. ,

111111111111111, 111111 11811111811111 1111

611111111111 111111111111 11111111111 11 1111111111. 77.

1111111111, modo 1111111111111111111 11111·
1111111. 161.

 

