118

11111 11111111111 11, 11 11 1 1111 1111111111 11111
1111111111. Μ.118. 11111 1 11111111111111111111 ι ιιΙ .
1111111 1 1111111 1 1111111111.Γ. xl. 137. 11111111111
1111111111 1 11111111 9111111 11111.Μ.125. 1111 11111-
1111111 1111111111 11111111 ι 111111111. M. 128. 132.
139. 11111 11111111 1 11111111. Μ.133.112115.118.151.
155156. 159163. 165. 167.169.171.173. 171. 1111 11111
11111111 ι 11111111.Μ.136. 110. 1111111111111111 11-
111111111111111111 ι 11111111, 1111 9111111. Μ. 113. cny-
111111 1111111111 1111111111 1 1111111111. Μ. 211. 9111
1111111 111111111111 11111111. A. 69. 111111 111 1111
11111 1111111111111111111111, 11 1111111111. Γ. XI. 161. ,
11111 11111 11111111. Μ. 152. 111 1111111 1111111111-
11111111111 ι 1111111111 1111111 1111111.Μ.183. 11111 ’
11111111 ι 111111 ι 1111111111 ’1111111 Μ. 199. 202. ³
11111 n 1111111 1111111111 6111111111.Μ.222.221.226.232. “
235. 237. 239. 217. 3532821292. 376. 129110. 150. 185188. “
1891991126. 1111111 11111111, 911111 1111111101-
11111 mena 111111161111191230. 1111111111111111- ’
1111111 11111111 ι 1111111111 9111111 11111111111.Μ.
195. 9111111 11111 111111 11111111 1 1111111111.Μ.299.
9111111 11111111111 11111 11111111 1 111111111111
11111111 1111111111. 111215. 1111111, 111111111111111111.
Μ. 386. 11111 8111111111 111111111 11111111111111111.
Μ.223.221.11111119111111, 111111111 111111 11111111
ι 1111111111. Μ. 331. 333. 335. 336. 571. 1111111 9111111,
111111111 11111111. Μ. 331. 563. 570. Λ. 76. 111111111
1111111111 1111111 1111111.Μ.352 359. 133136. 1371173.
111111111 1111111111 1111111 111111. Μ. 176. 111111111
1111111111(111111111111111). Μ. 513. 1111111111 11111111
(1111111).Μ·.518. 1111111 11111111 1111111111 11111111.
Λ. 68. 1111111 11111111111111 1111111111 1 11111111.
,1. 61. 11111 11111 1111111111 1111111111. 7911111111 111-
111 11 rost-‚al 87. 1111111111111111111,111111111 .
11111 111111 1111111111. xl. 161. 111 ie y 1111111111 11· ÷
1111111111111111111111111 11 11111111 ι 1111111111. 1

 

