100

111111, 140ss 1111111 1111111 1111111611111111
11111110111111. Π. 81.

1111111111, 11311111 1111 111111111111111) 1111
pannum. C. Λ. 1847. lv. 54.

1111111, 111011111111,1ρ1.1111111111 11111 11 11·
1111111. 86. 11111 1111111111 111 1111111111 1 11111111
11111, 1111 1111 111 11 1111111 111111 111111111 1111
111111 11 111111 111111111Π. 6. 56.

1111111111 11111 1111111,111111111111111Ιί1-
111111 1 Μορ111 noia 111111 Aaaap 111 Panum.

1111111111, camelus: 1111111111 11 11111111. Γ. XM&

11111111111, 11111111 je 6111 61111 1111111011·
1111, 11. 3111111111 11111 111111111111111111011111
Η11111111.01.8.11111 11111111 111111 1 111111 1111111 1111-
1111 (nean 11111111 eman τ1111111111111)111111111 1111·
1111 31111111111. Μ. 100.

1111111111, 111111 3111111111111111111 11111·
1111111, 11 0111111111 1111111111. Γ. Χ1.72. 1 3111111111
1111111111 11111111 111111111111 111111. Μ. 191. 11 3111·
1111111111. 61. 11 1111111111. Λ. 71. 1111111101 (1011-
1111111) 1131111111) nean 111 je 11 1111111111 1111111111.

111111, valde: 111111 1111111. Μ. 560.

111111, valde: 111111 1111 11111 1111 1111. Μ. 65.
111111 11111 11111. Μ. 230. 11111 1111111111111 11
111111 1111111 1111.-Μ. 230. 111111 11111. 11. 4.

11111111, optimatum 11111111 11 1111111111 1111-
11. 01. 7. 1111111111 1111 1 11111111. 0112311 111
1111111 1111 1111111 11 11111111111111111111111Μ.
11111111111 1 1111111111 11111111111 11. Μ. 221.
111 1111111111 1111111111. Μ. 250. 11 111111111 11 1111·
111111. Μ. 317. 11. 11111111.

111111111111,111111 1111111111 111 1111 111111·
11111111111111 11111111111 11. Μ. 273. 11111 11111111
11111111 1 1111111111. Μ. 318.

numu, 111111 1111111111 1111 1 111111111111

 

