80

111111111111 111111111 111111111111.Γ.ΧΥ.21Ὡ.200.
-111111 111111111111 1111111111111161111111111111
11..6. 110. .

1111111111, 1117 111111111 1 11111111 1111111111,
1. 11111111 1111111111. 11. 89.

1111111,1111110111111,11111111111 11111111111·
11111326. Μ.81.11111 wora 11111111 11111111 6111111
Byu 1111111111. M. 223.-0111 1³18 11111111 11111111.

11. 1. 111. - Y 1111111111111111 11111111 11111111111111·
111 11111111 11111 1111111111 11111111 1111111111 1111
011111 11111111 111111111111 1111111111 11111111 Mn·
11111 11111111. Γ. XV. 270. -Γ11111 1111111, 1111111111,
1111111111.

111111111, infans: 1111111111 11111101. 11. 1111·
111111. Ca. 11. 11111111 11 111111. 1111.

1111 11,11111111 11111111111111111111111111111·
1111111 y 1111111111 6111111 1111 1111111 11111 1111111
1111 1111 111111, . .. 11 111111 1111 111111. Γ. XV. 299.
30010161111111 je 111111 1111 11 11111111111111111.
11111. 111111111111111111 11111 111111.0..1.1817.11’.111.

111111, 1111111111 1111 1111111111 1 1111111111 1111·
11111,.. 11 111111 111 1111111111117101. 1111111111 je
1111111 1111 11111 11111 11111111 1111111 111111 111111
1 111111 0111111111. Γ. 1111301.

1111111111, 1111111111 116111111111111 1111·
11111111101. 11. 19.

11111111111, (nm 11 111111111111)111111.111
1111161111111111011111 11111 11111111111111111111,
1111 11111111. 111273.

1111111111, 11111111111111 1111111 11111 11 1111111
11111111. Γ. XV. 281.

1111111111, lacunae (1111111111 11)1 111 11111 111·
111111. XV. 300.

11111111, ceno 1111111111 0111111 111 11111111·
1111111111 y 1111111111, (1111111111)1 1111111111 1111
1111111, 1111 11111111. Γ. XV. 260. 272. m. wo.

 

