271

111111, 11111 1111111101 111011111 111111 60011010-
11111111 1111111 11111111 1378. Μ. 100.

11111111, 1111111111 60011111 11111110111111
1011011 1101111 11111111 13911-1119. Μ. 1111131113.
-11110111111 60111011 11111111111111111111111105.
11. 151-811011111 60111011 1111111 1111111 1111·
11111111. Μ. 318. 329. 1011 11 fies 011111 11111111
0110111101 1120.Μ.805.1111011111111 01 1011
11111111, 1011 101111 11001111111110101 11111111,
11 ny 11111111 1111 106110 1110111110. 01. 11111111.
-1111111111 10110101111111111 11111 11111011111111
1112. 11113. - Β111111111 10110111111111 11111
111011 0111011 11011011Ρ1101111,11111 1111111 11·
1111111115. Μ. 171.

11111111101111, 0101110111 01 Zeu, 1101111111·
1111110101111. A. 59. 01. 1111111111. “

1101111111, 11111 1011 0111010 1111111110 11111
11111110111 111111 1011016111 (3111111110111111 111-
1111111. (11.2. 8. 11 1111111 1111101111 1 11 10110111 111110-
11111111111110, 1110 111111111 11111111111111111111·
1111111111 0111111 1 0111111111 01. 01111111. 01121.
1111111111111 1111111111 0111111111 111111,’111111111
1111111111 1 1111111111 1 11111111. M. 11. 1111111111,
1111111111 1111111 111111 1 1111111111 1 1111111111
11111111 1 luximus. Μ. 25. opinemini 1111111111, 111
1111111101 1101111111, 11111111, 1111101111. 11. 8. 1111·
111111 11010 11 ,1111111110 11111111. 181. 11111111 1
1111111111 1111111οκ011 (11. 0111111187. 1101111111 00
11110111 1111110 11111011111 111 1101111118111). 11.
111011 111 Hom-opime 1 1101111111111 y am. 01.
1111111.

1101111111111, Diocletiani: 01111 1101111111011.

11011111111, 010111111111111111111110111 11 110·
11111111 1011111 011 Zeu. ,151

11111111, 111111 110111111101111111111101111·

 

