1111111111,11111Ι11111111111111111, 1111 1
11111 1111111111. 11. 471. · ’

11111111,111111111;111111111111 11111111. 11.
64 1111111 1111111111111 111 111111.11136.111
11 1111111, 11111 11111111. M. 646

11111111 11, obedire. 11111 111111111111. 111 466.

11111111, poenitentia: 1111 11 11111111. (11.11.
11 11111111. 116. 11111111. 6. 61.

1111111,111 y 111 1111111111 1111111 11 1111·
11 111. 11. 6. 211111111 11 1111111· 11111 1111111 111·
11 (nucum 16 116111. 161. 111111 .1. 11 11111111466.
A. 76. 1111111111 11 11111 1111111 1111111, 1111111111
111111111111111111111111111(111111111411111166.
¹ 1111111, depositum: 111 1111 1111111111111111
11111111 11111 11111111 111. Μ. 176. 11 11 1111111 11·
11111111 416. 1111111111 1111 1111111 11111111111
111111111111 1111111. 11261. 111111111111 11111111
1111111 16664 111111 1 1111111111147 111111611111.
11166. 1111111111111111 1111111. Μ. 166. 1111 11111·
11111 11111-1111111111 111111 11 111111 111111, 1111 111
111111111 1111 111 111 1111. 11161. 1111111 1 1111
111111 11111111 671111111111111, 1 1 1111111111111
11111111111 11111 1 1111 111111 11111...11674. 111·
111111 11, 1111 111111111 11111 111111 111111 11111
1111111.11.666.111 11111 11111111.11166.»111111 11·
11111 1111 1111111111111 111111111161464.

111111111, deponitis 11 11111 11111111111111111.
11466. 1111 11111 11111111111111 11111111111. 61466.
1111111111, adoratio: 1111111111 1111161116.

111111111 11, 11111111111111, 16111111 11111·
111111 11 1111111 111 1111 111111 11111111. 11186.
1111111111111111111111 1111111. 1176. 11111111111111
11 11111111 1111111161146111111, 1111111111 11111·
1111111. 11 Μ. 11 111111 111111 11111111111111111111
11 1111 111111 1111111 111111111111666617.

111111111,61111111111111,11111111 111111 1111111

 

