196

111111111 1111111111 1111111 111111 1111. Μ. 17. 1111111
1111. Μ. 18. 11. 1111111.

11111111, cf. 1111111111, eommune‚y110uony: 1111
1111111111 1111111. Μ. 17. 11511111111 111111111 111·
11111. Μ. 7. 1111111111 1111111111.Μ. 19. 11111 1111111.
Μ. 21. 1111 111111 111111111111. M. 21. 1111111 11111
11111111111.Μ. 35. 1111111. Μ. 119. 1111111. Μ. 185.
1111111. Μ. 210. 11111111 1111111111 11111111 11111·
11111111. Μ. 456. [166. 172. 1190. 111 1111111 1 1111111111
1111111111 111111111111. Μ. [172. 557. 1111111111 11111111
1111111111. Μ.39.13. 111111 11111111. Μ. 325. 1111111-
1111 1111 1111111 111111111. Μ. w. 111111111 111111 11·
111111. Μ.165. 1111111 1111 11111111 1 11111 111111 111·
11111 11111111 1 1111111111 1111111 1 1111111111. Μ. 288.
299. communio: 11111 11111111 11111 11 1111111191·
111111 1 1111111111 1 111111. Γ. XV. 282. 1111 11111111
11111 1111111111 1111111 1111111111. Μ. 192. 1111 (ne)
1111 11 11(111)1111111.Μ.271. 111 11111111 1111111111
1 1111111111 1111111 11 11 11111 1111111 1111111 11·
1111 111 11 11 11111111 1111111111111111,1111111
1111111. 5. 125. inter quosestcommunioz 11 111111 11·
111111 1111111111111111.Π. 132. 811111111 1111111111 1
1 1111111111.()..1.18ί17.111.55. consortium: 11 1111111
1 11 11111 111111 1 111111 1111111,1111111(1111151·
11111111) 111111 111 11111 1 11111111 1111111111111. Μ.
187. 111111111111111111111111111111111 11111111 1 1111-
111111 11111111 1111111111111. Μ. 188. societas, socii,
111111111111111111 11111111 1111 1111 11111111.
77. 11 1111 ιι 11 1111111.Π.197. 111111111111111111·
11 11 1111 51111111 611111111111. Π. 112 111111 11 on·
1111 11 7111111111 1 111111, 1111111111, 1111, 1111.
11. 128. 1111 1111111 1 1111111111 1 111111 11 1111111111
8111111111 1 1111111 1 11111111. ss. 5. 3311 1 ι 11111
111111 1111111 111 11117111. 5. 118. 1111111111 1111111.
Μ.252.111’1 cwojn 1 11111111, 1 11511111, 111 ny
11111111 1111111111 y 1111111 1111111111.

 

