194

o nojnu je 11111111, we c 1111111111 1111111110 y
1111111111, 11111111111111111111, 1111 1111 (sao

1111111111)11111111 11111111111, 1 11111111 flamm.
Π. 112.1 1111111111111. Μ. 395. 1111 111111 11 anie
116111 utro je 11111111111111 1111111111.Μ. 305.
a 11111111 11111111 11111 1111111111111111111111.
Μ. 317. monte 11111111 161 cuc-ta.

11111111, altitudo: 1111111 11111111 1111111111 uo·
11111111. 13.

1111111, altitudo: 11 1111111111111111111111177.
1111 1111111111111111111 1111111111 111111 1111111111
1 11111 111111. Μ. 191. 11111111 1111111111 (nume
cyma). M. 526.

1111111111, 1111 1111111 11111 6111111111 onmia
1399 111 1111511111111111111111111 11 1111111111 crona:
1111111111. M. 231. vy je 1111 ’aem 11111 51111111
’1111111511111111111291 111111 11111161111111 1 1
1111111111. Π. 5. 89. 11111 111111 111ο5111101111.
Schem. rhag. 1862. 38.

1111111, 11111 1111111111 1111111 11111 11111101. 21.

1111111111, 1111 91111111111111111111911111111
11111111 1111 1111 1111111 11 11111 tauma. M. 198.

1111111, 11111111111111 11111111111. 01. lt).

111111, adv. superius: 11 1111 1111111111. Μ. 20.
11111 ιι 11111 111111. Μ. 75. sursum: 111 1111 nm
11 11111111 1111111111.111.127.-1111111.11111 1111111111
111111111 11111 11111. Μ. 58. 1111111 111111111111111
11111. Μ. 87. ιι 11111 1111, 111 111111 11111111. Μ. 255.
11111 11111 1111111 1111111 1111111111. Μ. 551. -1111.
ptus: 11111 11 11111 11111 1111111. Μ. 210. 11 1111 11111,
111 111111 11 11111111. Μ. 216. 1 1111 11111 1111111111. Μ.
270. 1 1111111 11111 1111111111. Μ. 553. y 11111 111111-
11111111 11101 11111111 1111111111 101111 1 110 11111-
111(11.1111); 111111 1111111 111111111111111111111-
111111 1111 0111111111 y 111111 antony (11. 1111)
m 1111111, 1 11 11111 11111 111111111111111111111

 

