79

1111111111,11610111111111111 Μ1111111111419.
11146.

1111111111, 111111 011111 1111101110 11111111-
1111110101 y 1111111111 9111111111 Μ1111111 ca 11101
1110111111. Γ. XV. 303.

11111111, uuam Μ11111111 6111111 111111 1111111 y
116101111011 1111111411. Π. 193.

1111111111, 1111110 y 11111111 11111111 (1111111111
11111 3111111111 1111111 1111111111. 1118.

1111111111, 1011111 11111111 Χ11011 111111 1111-
11111111 1402-6. Π. 39. 45. 59. 79. 84.

111111. 111, Μ11111111111. 111111 [1111111111.

1111111111, 1111111111 1161011111 11111111 111111-
1111 1 6111· ny 1111111111 1425. Π. 6. 82.

111111, 1111010 y 11111 11111101011 111 Μ111.Μ.
1181011111111 111111 11011111. ’

111111, 1 016111 1011 1101161111Πο1111111111111-
11 y 11111101 11 Μ1111. Μ. 194. 11111 Μ11111. Μ. 191.
1111111111 11011 11 111010 0111111111 11101111 11
111111111111111110 11011 11 1011 111111 11111. 110
1111 6110 11110 Μ1111, 1011 11111 ,11111 110111-
111 6010101111101 11111111111 6111111111011.Μ.194.

11111111, pueritia: 1111111 1111111111 11 1111111 11
1111111111. Μ. 376.

111111111111,111111111111111;1111111111111111111·
1111111. 11. 79.

11111111, 111111 1111111111.

11111,11111111111111111111 1111.Μ.48. 1111111 11111,
111111 11111. 1111 111111, 1 tenero. M. 89. 1111 11111111
1111111, ἐξ 1111111111Μ. 331. 111111 1111, primus incipi-
entis anni dies. Π. 6. 41. comp. 1111111..11.59.111111111·
1111111. 6. 113. ’

1111111111, 1111111111111111 1111 1111111111 11111111.

11111111111, 11111 111111 11011 11 1111 011111

1101111111 111111110101 y 1111111111 61111 1111111

 

