003

0111011111 01 1111101011111111011001100111 1101·
1111 1111111. 01211- [1000010101010101 110 111011
11111111 1302. Μ. 66. -10110010100 001001 1001 101-

0111110111 1110111100111111101011 01110 1111111 nup.
27. Γ. ΧΙ. 100. 0111111 1111111111. Μ. 76. 83. 11111111. Γ.
ΧΙ. 160. - sspnu 0110111001 010001 (1339-1350. 111.
1111111.11ι1.53.101.111.101); 01 Ιι11111111ι1.3.29. 1111111·

111. Γ. XV. 309. 111111111 11111111. Γ. XV. 306. 11101111
01 11111 1111111111 11111111 3 0011. Γ. ΧΙ. 103. 111111111
11111111. Γ. ΧΙ. 160. -11111101 0101010011 10111111
130711. 111-1110101110101001 1106 011101011110
11111 111110 11111111 10111011111011, 1010 10110110
aa 1000011 ’111011 Γιι111.601.090.

11111, 0010 1010 1111 u 00111111118011001. 11110.
03), 1 1010 je 1011010110 1101011011100110110111
0010001111αοὶ 01 111011 111010111111111011001
111111. M. 10. s

11111, 111000..1010001(1111 11 je 10); 101111
111, 1111111 101. 111. jahrb. 11153101. 111116. 10110
0111101010 ιιιιο 1 0111οι 111111 10111111, 110111
11111111.

1111111,111111101011101 turcicum 1111111 1111186.
1111111111, 011011. 1011 y 1111011000111011
1010111610111 1110 upana 101111010ηοὶ 11110-
000110 10111 0100ιο 1111111 1011111111. Γ. XV. 295.
11111, 110010 y Bocuu: 1111011 000100110101
110001111111 11 11111111 10001151.
111, 110 1110101 0110111110 1111110)1 noio 1011

01111110 1110 upana 101111010101 y 11111011100-
mma 10 1111101101 1011010100ιο 1110 1111011. 63.

11111, 11111110 y Manaponolz 1111 111111 1111
11111111. 86.

11111,’γ 1110101 loannes: 1011011 01101010 1
0001010 1111 1100001110110 3000111 101011 xop-
10101111 1011110111. 33. 111011 11111 1111011111153.
11111101. 1111111. -Γ10111 (1111111.

 

