113

111111 1261 Μ. 661-11111111111 1111111 6111111111
1379-82. 11161211. 1111111111111 je 1111111 no·
111111111111111 11111. (6667) 1.(1111. (1166); y 111111·

jeunoy 1111 ie 1111111 1111111111 n no 11111 ie 111111
111 ι mantnano 1111111 1111111 61111 1111111111.
(ewam), 11111111 61111 111111 na 11111111 111111
1111111 ιι 11 1111111. 1111111111. (1761), 111 je 611
cyane 11111111111111 1111111111 111111. 6111111111.
1111161161. y

111111,ι·111111111111011111111161111111111111.

111111, 11111 y ,1111111111 81111111 1 61111111
66. 1 611111. 11. 71. 111 611111. Μ. 661.

1111111111, 1101111111 11111111111111111, 111·
1111 1111111111. Μ. 166. 263. 11. 61. 62. 61. 1111111. Μ.
261. 266. 11111 11111111. 11. 68. 1111111111 evuin 1 11-
1111 1 ιι 1 (111 1111111111 11111111.Μ.261.

1111111111, 111111 ua 61111111 11111111· 111111·
nwstffl

11111, sexus: 11111111111,1111 11 1111111111.
11. 6. 66. 76. 111111 1111111, 111 11 11 11111111 11111.
Μ. 119. 1111111111 11 11111111 11111. Μ. 666. Π. 166.

111111, 1111111111. 1111 ce 1111 1111111 1111111 cy
11111111 11111111, ,1111111111 n 11111111, noio 1111111
11111 je 011111 11111111111111 111 11111111 1111111111
manuue 11 61111111111.

111111, modius: 1111111 1111 111111111126. 1111
,1. 111111111. Μ. 6. 1111111111 1111. Μ. 166. 11. 111111
1111. Γ. XV. 288. 1111 111111 1111 1111111 1111111111·
1111 1111111111. 11. 61.

11111, festinatio, 111111111111111 11, 11111111-
ter: 1111111 111 111, 1 11111111111111111121111-
1111111 111111111111. 1111 11 11111111 1111111111 11

1111111 11 1111111113. 1111111111 11111 1111111. Μ.366.
1111111, festinare: 11111111 1111 11111111. 118.
1111 y 111 *opum

 

