111111111111 111111 111111111111111. ,11. 01. 11 111111
erpa-tuomum. 09. 11111111111 111111. ,11. 188.
111111111111, peregrino conveniens, 1111 11-
11161111111), peregrini more: 11111111111 1111111111
1111 111111111111 111111 11. 11187.
1111111111111111, peregrinari: 11111111 111111
1111 11111 1111111 1 1111111111111111. 01. 7.
11111111,1111111111, 1111. 1111111111 1111 111111·
11111 1111111, 1111 11111111. Π. 0. 70. 77. 86. 111111111.
11. 1191. 111111 vora 1111111111111111 0111111 cy

1111 y 111111111111 11111111. Μ. 331. 3117. 301. 1111·
11111. 11. 371. 300.

1111111111111, certans : 111111111111111111111 11.
11111111111111 111111111171103.

11111111111111,11111111111 111111111111111,111111
111111111 11111111 1111111111. 01. 0. 11111111111111 11·
111111. 01. 23. 11111111111111 11111111. ,11. 135. 111·

1111 11111111111111 0111111 11111 1111111 111111. ,1. 82.
1111111,111111111111111111 1111 1111111 1111111111.
01.1.111111111111111 11111111. Μ. 25. 1111111111 111·
1111 1111111. M. 121. animi impetus: 11111 1111111111- ,
111111,11111111111111111.01. 1011 11111111 11 111
11111 1111111111 1 1111111111. 218. tormentum (1111 11
jo 11)11111111111111 1111111111, 1111 1111111111111
1111 1111111, 1111111 11111 1111111111111111111111111
111111 111111111 11111111 111111111 1111111111. Μ. 11.
111111111, 10111111111111111111 111111111111111
111, 11111111111 1 11111111. 01. 5. 111111 11111111,
111111 11111 11111111 1111111111 1111111. 01. 17.
11111 1111 111111111. 11. 2.
1111111111,11111111’111,1111111111111111111(011-
1111 11111111)1111111 1111. 1111111111 1111111111.
1111111111, 111111111 0111111111. A. 110.
11111111111111, στρατοπεδάρχης, praefectus 11-
111111 1111 11111111 1111111111111.Γ.Χ111.3711.Χ1. 131.
111111111, 1111 11011111 111111 111111010111

 

