149

1111, 30111101111, Ι111111111,1111111,11111111111,
311101101111.

1111111, 111 1111111111111 31111111111.

111111111, 611 31111 311111111, nyx 6111111
11110111 1111111111 11111 1011111 0111111, 1497
1010111. Π. 6. 49. 1158. 11 1111011 11111111111111
ny 11 1111111110 3111111. [Ι. 6. 111.- 311111 311-
1111, 101111 je 610 yaeo 1011011 011111 611111 Jy·
111111111, 1 1011011 11 Jypaj 1110111 11110111
111110 1434. Μ. 378. -011 1111111111111111111,
11101111011011 0111111, 1111111(3111111,1111111)
31111111, 1110 1111, 1011111 111111 101101160-
11111111 1 1111011111 1 111111 1446-52. Μ. 449. 448.
411414. 111111 11 11111111 611 1111111111 1110 no
11111,1011 11111. - Β11111111 xpm 6011111111
Το11111101101111 14111 1111, 1 1461 1111101111111
3011111111 1011011, 311111111 31111111. Μ. 410. 433.

1111111, 111111 1366 1 1367 111111111111111
11111011 311111. Μ. 171-,11610111111 11101111
311111 1397. 111-1111 311111 1427. Μ. 331-31-
111011 1011011 60111110110111111111111 31111
1443. Μ. 426. 10111 6111111111111111013111111.
-Γ11111 1111111111, 311111111, 1111111, 1111111111.

1111111111, 1439 11111111 1111111111 3111111
1011111111111011 1011011 601111101131101111 [11-
11011111 1116101111111. Μ. 397. 399.

11111, fluctus: 11 1111111 1111111111 182.Ι

111101111, fluctibus agitare ε 111 11 111111111101
111 11111111 1111011111 11 111111 11111111101.11.63.
11111 111101111111.,1. 196.

1111111, fluctibus agitare: 1111111111 1111111
1111111111. Μ. 38.

11111111, 1111111111 11111111311111111111 31·
11111. Μ. 141.

1 ,11 Ἤ 1, magus: 11111111111111 11 1111111 1101111
11. . .

 

