1111111111 1, *majone 11111ο11 11111111111111111111
11111111 1111111111117. [Ι. 6. 111.

111111, isabella: 1111111 11111 (1111111111) 11111111
11111 1111 1111111111 11111111 (11111111) 11111111 111111.
111111. 111111. Γ. xl. 127. 1111111111 11 io 11111 1111-
111111 1 11111111, a 1111111 ce 1.

11111, 111611111111111111111 111111111119. 1111

11111, 111 111111,111 1111111111.Μ.116. 111111. Μ.
521. 11111. Μ. 528. 1111 1111111. A. 75. 111111 111111,
1111 111 111111 1111 11111187..

1111, Sabbas: 1110111111 1111111111 1111111, y 111-
11111111111111, 11111 1111111111011 1111111111, cnm:
111111. 12. 1111116121. 11111. (1123. 1111111. 01. 30.
11111, 1111111 111111111111 1111111111 1111111111111. 1.
1111111 1 11111111 1111111111111111111 11111111111111
11111. Μ. 7682. 1111111111 1 1111111111 11111. Μ. 1211.
167. 111111111 11111111111111 1 11111111111111111111·
111111111111 1111 11111. Μ. 136.11111111111111111 111111
1111 1111111. Μ. 137. 1111. Μ. 3. 6. 18. 26. 18. 19. 76. 83.
87.89.91.123. 126. 128. 131 (na 11111 je 1111111 1111111·
1111111 11111111) 1111111111 111111111111111111 1111111111,
1111111 111111 1111). 139. 111. 203. 331. 3323111331.
521.561151525158.5161697281.1111191191
1111111111111111. Γ. ΧΙ. 169. 11111. Μ. 172. 129. nonen
111 111111,Γ.Χ1..191. y Μ111111111111 ‚cy 61111 1101111 11.
caue 1111111 το 111111 1111111111 11. 11111 111 11
Μ1111111.Μ.321. 1111111111 11. 11111 1111111111 111
11111 11 111111111111. 111111. 11. 1111111 1111111 11 111·
111111 11111111 11111 11 11111 11. 1111. B. 111111211
το je y 1111111111 5111111111. Χ111111 (3111111111
111111111111611111 1 Β1111111 11Β11111111111111

naama, 1111111111 1111111111 611 1116111111, 111·
1111111 1111111 1111 1111111 1111. Μ. 111. 1117. 169. 11.
⁶· 115. 1111111 1111111 1111. Μ. 116. 185. 1911925117.

 

