477

111111111399-1490,1111 11 111111 1 11111111111111
1 1111111 a 11111111 11111111,11161111 1111111111
a 1430 1 1111111240101287191299. 320. 347. 11. 6.
91. -11111 ’1111111 1415. Π. 131. -1111111 11111111
1419-27, 1111611111 1111111111, 11111111 11 je 11111
111 11111111 11111111. 11. 181119111311. - 1111111
11111111 11161111 1111111111 1111111117. 1111 11-
111111 1111111111111420, 111 11 11 1111 11111111 11
111111 cauo 1111111111 11111111 11. M. 209. ·- 7111111
11111111 1116111111 1111111111 1442. M. 419. - 1111111
1111 1111 1111111111111111111111111111111111111111
111 1111111111, 1111 1111.-11111111111 11 11 11111
1 ’1111111111

11111, venter: 111 111111 11 1111111 1111111111.
111. 1111111 11111111, 111111111111111111111193.
1111111111 1111111 111111 11111. Γ.Χ1.00.

11111111111, 111111 1111111111 111111 11111111
11111 111 11111 111 111111 1111111111. Γ. 1112711. 11-
111111 116111 1111 1111111 1111111111111111111·
111111, 11111111.

11111111111, 1111111611111111111111111111·
11111111 11 1111111111111. Γ. XV. 278. 11. 11111111111.

111111111111111,111111111111111111111111111·
11111111, 1111111 111 11111111111111 11111. Γ. 11185.

1111111,111111111111111111111 1111111 1111101. 28.

111111111111111111,1111111111111 0111111111·
111111111111 1111111111 111111111111111 111111111111·
11111 111111111101111. 611. 174.

111111111,11111 je 011111 111 11111111 11111111·
11111 y 1111111111 1111111111 1111111111. 1111110.

111111, cerasus: 11 11111111 11111111 11111111
111111111111191. 11 1111111 11 11111111111111111-
mu. Γ. XV. 286.

1111111111, 111111111111111 61111111 'Ponam
111 111111111111111 1111111111111111111 1 1111111
11111111 ι 11111111 111111111111111111111111111119.

 

