11111181. 111 111111 1111111111 11111. 11101. 11111·
111 11111111. 15. 111111 1111111. 87.

1111111, 1111111111111111 1111 111111 111111-
1111111111111 1111111111 11 1111111111 11111. Μ. 00.

1111111111111,1111111 noio je 6111 111111111-
111111111111111111111116111111111111 1111111111 111
11 1111 Crem [111111111111 1111 1111111111, 11-
11111111 1111111111, 111111 je 111111 11111111 1111111·
11111 111 11111 11 11111. Μ. 10. ·

11111111, 1111 11111 1111111 1111111111,1111111
11111111 1 1111111111 1101181.

111111111,1111111111.111111111111 Γ111111111111111
1111111 111111 1111111111 1 111111 1111111111.Μ.101.

11111111111111, 11111111 ie 11111111111 111111
111111 11111, 111111111 1111111111 11 111111 111111·
11111. 111111. 11111171.

1111111,111111111111111111111111(1111111111)11’111·
1111111111111111111111111111111111 1111111111111111
11 (01111111 11 1111111 1111 011111111111111. 1106.

1111111111, 1111111111 11111111 1111111111111-
1111, “oie je 1111 ,111111 111 1111111111. 107.

11111, 111111, 111111 11111. ’

11111,11111111111 111111 111111 1111. Ca. 3. 11111
1111 11111 11111 111111. M. 312. pl. 1111111111 11111111
11111111 11111111. 11. 11. 1111111111 111 11111 111111.
11101. 11. 11111.

11111111,111111111 1111 11 1111111 111111111 11111·
1111111 1111111111.

111111 1, 11111 1111111111 myra 1111111111 1111111111·
11 51111111111130. [1. 6. 00.

1111, 111111, posse, 11. 1111111 11111111 11111111.
1111 111 1111111 1111 11111. Μ. 0. 11 111111 111111111 1111·
11013. 11 qo 111111111111,1111111121. 11 11 111·
111111111111 1111111111. Μ. 11. 111 111111111 111·
1111.11.0.1111111111111 11111111210. 11 1111111 11·
11111 11111 11111111111251. 11111 11 11. 1171. impe·

 

