11111, 111111 1111.

1111111111, 111111 1111111111.

1111111111 1, 111111 1111111111.

11111,1.1111ἱ 111111.

1111111, 1111110 1111111111 Cremu 1351 1111111-
111111111. Μ. 151.

1111, palus, 111111111 11 cena 1111111111 1111111-
11111 11161111 1111111111 11 111111 1111 1111 11111
1111111 1 11111111 11111111 11 1111. Μ. 91.

11111111, aequalis: 111111111 11 (11111) 1111111
11111111. A. 86.

11111111, 101111 1151111 1313 511011 1111111
11111111 1111111111 11111111 1111111011. Μ. 105.

111111, nne 1111111,11111] 111111111.

111111, y Typana diploma: 1111111111 1 111111.

11111- Kao 111 1111111110 nme: 1551 111111 11111.
A 11.

111111, 1111111111 11111111 1111111111 1376 (1111111

1111111111111. 11. 6. 27.

1111111111,111111 1111111111. ef. 111111111.

1111111111,111111 1111111111.

111111, 11111 1111111111 Bapy: 1111111 111111, 1ο
111111 11111111 11111111111 1111111 111111. Γ. xl. 131.
Γ. xm, ³00. 370.

1111, 1111 1111111111 1111111111111111111 11111
1111111111 111111111111 1 1111. Γ. 71111371. 111111·
111. 1'. ΧΙ. 131. 11. 111111.

1111, 1111 1111111611110111111 11111 11111111
1111 cv. 8. 11111111111111 1111111 cn. 111111111-
pm Creoan 11111111. cm. 8. 1611111. ,1.116. Π.

11111111, Barbara: 1111111 (31111111 0111111111
111111111111111 11111111 11111111 1111111. Π. 6. 125.
1111 aa je 6111 mena 0111111111 na yup.1a npnje 11111.

1111111111, 1111111111 111111111111161111111111

11111111 1111111111 1362. Π. 1123.

 

