134

0111111 11011, 0011 1011111111 11111 101111
01111011 11011. Γ. XV. 280.

01010111111, 1514110111 1111111 0111111111 11
1011010101. Μ. 649.

0111101010, 111110111111010161111 111 1011-
111 11010 91111111 1011001 1011011 01 0111111111.
011. 1811711155.ογ 0101010101. Μ. 430. 437. 479. 11 111· =
1011111011111 1 1111011111 10 101111 1001011111 11011111
0111101111. Μ. 437. 0111101110. Μ. 541. Λ. 78. 80. 11111
1111 11011111 0111101010 144011. 77. 1011 0111011111.
,1.77. 10 0111101011. Λ. 78. 87. 01 0111110101. Λ. 80. 1

0111010110111, ’100 0101010101111 1111110111 Q
0111010101011160011111118. 1001011111 11011011 11· 1
11 01111101101110.Μ. 604. 01111101 caementum. Μ

01111111, 00111οΡ110111111 111111 1101111011·
11101.Μ. 199. 1

0111101111, 1110 11 610110 116101111111111111 3
0111101111 1421. 11. 168. ’

0111101111, 0010 101010 1111111011 1101011- 1
tauma: (31110111. Μ. 196. 611010 101110 101011Μο· ss
1110 1 1111111110.

011111, 110 11111101 11011 1111111 101010111010· 1
111110 111111 1111110101011111101011 61101110 1
nume 101111 6101110 110 01111. Γ. XV. 191. 20³. 101. J
297. e 10111011 01110111.1“.Χ17.302.-Β1111111110- 1
111110111111 cum-1387. Μ. 209. 01111. 11. 99. - Γ10- 1
gai 1011111111,111111111,11,1111111, 0111101111.

0110111, ficus: 001110 1110111111 11110 1111111·
1010 y sspuapeny 11111 noba 01 1101101. Γ. XV. 110.
101111 on tuom 11011111. 111. 10101.130.-1110 11-
1110111001011114101011111 1001011111 1111101011
010111 1308, Μ. 178.

01011111, 1110101111 11111 6001101011001010
011 010111 111111111 010111111400.Μ.210.

0101011111,10101γ 0011 01111111110011111011

 

