117

1111),1111111111, 0111111111, 1111111111, 11111111111,
11111111, 1111111111, 1111111111, 11111111111, 11111·

1111, 11111111111, 111111111111.

11111, cedrus: 111111 11111111111 11111111 111111
11111 1111111111. Cr. 23. 11111111. 100.

11111111,111111.111 1161111111 11111111 11111·
1111 11111111 1100 11 1200. Μ. 7.

11111111, teba je 111111111111111111111011-
111 1111 111111 11 11111111Μ. 131.

bammum, cella: 1111111111 11111 111111.Μ.01.
11 11111111.Μ. 71. o 1111111111111111111111 11 011111
1111.Μ.70. 111111. Μ. 81. 82. 1111111. Μ.570. 11 1111. Μ.
138. 111111. Μ. 533.

111111,1111111111511111111111111 11111 11111111 11
111111111111, 1111111 1111111 11111111111111111, 111-
1111 0111111 11111111111. 111.

1111111111, numerus centenarius: 11 111 1111111
111111 11 1111111 .1. 11 111111111. Μ. 286. 1111111111 1111
1111111111111111 1111111111111111111 11 1111 11 111·
111111. Μ. 111.11111111111111111111 1111111 n 11111
1111· 11 .11. 1 .1. 111111111111111111111111111,111 11
11111 a. 1 .1. 11111111 111-111111 1111111.Π.81.

1111111·111,1.1111111111111111.1.11111111111.Μ.

307. 30011. 6. 108.
1111111,1.11111111111111111 111111 111111111111

111111111, 11 1111111 11111111111111111 111 11111
1111111111. Μ. 1351111 1111 11111 1111111111 1 11111111
1111 11111 1111111111, 111 1111 11111 111111. Μ. 110.
11 11111111111 11111111. Μ. 153. 11111 1111111111. Μ.
102. 11 1111 11 11111 111111111111111111111111111·
1111 11111111 111 11 1111111. Μ. 165. 11 11 1111111 111·
11111111 111111111 1111 11 111 111111 111111111111111
1111111111201. 11111 11111111.Μ.208.
1111, 111111 1111.
11ῃ

 

