130

11 111111,.011111111111 1111111111 11111111.Μ.2.232.
2312110261. 262. 308309. 1118321321. 329. 3313111358·
359117111912113311. 103. 11111111111 11111111. Μ.235.
11 11111111 111111 11111111. Μ. 219. 11111 111(111]11.Μ.
129. 111111 11111111. Μ. 131. 1111111111 1111111111 111·

11111.Μ.307.
111111111111, christi 1111111 111111111111111-

111111.11.1.2.9. 11111111111 1111111111 11111111 1111111.
Μ. 130 1111111111 je 111 nazary, 1 1111111111.

’ 111111, christus: 1111 1111111 1111 1111111. Μ. 237.
130. 1111111 1111. Μ. 239. 301. 11. 90. 170. [1191111111. ἢ
11 111111 1(1)11 (111 111111).Μ.136. 11111 11111111. 1.

2. 3. 1. ὅ. 111111 111111. ΙΙ. 95. ¹
11111, 1111 11111111 1111111)1 11111 1111 repas, Μ11- ’
‚sym 1111 1111111111 111111 6111111 11111. Μ. 111. —
,2111111111 1111111111111111101111111111111111· ’
1111. Γ. xm. 377³ 11111111 ,11111 1111 qap 011111
111111111111111111111111111111111111111111116111111 1
11111 1111,111111111116111111111111111111[11111111111.
Γ. XV. 290. 292. 297. 299. - 1111111 011111111111. 1
11111111, 1111 soie je 1111) 11111111 Ρ11111111111 Ῑ
1111 1111111111Μ. 100. 611111 611111 1111111111 [1111111.
11. 11111111.
1111111, 1111111, fundator: 1111111 111111. 91. 11.
11111111111111 1111111101. 11. 1111111. (11.2. 111 1111 1
1111111 1111111. Μ. 138. 1111111111 111111. Μ. 139. 1111111· ¹
1111. Μ. 571. 11. 11111111.
11111111111, 111111111111111111 11111111 1111, ’
111111111111111111111.Γ.Χ11.210. .
11111, 111111 111111 ’
1111111, 11111 je 1111 0111111 11111111 1111111 11 ¹
1111111111. Γ. XV. 301. 1111111111 le Tpecnanau 111111
1111111111 11111111 11 1111111111 111111.Γ.Χ1.135. cs.
1111111, 1111111111.

Α 115ἑ1111111111μοῦκτ111111 1111111111 1111111111.

 

