150

11111111111111, indissolubilis: 111111 1111111-
111111111111. a. 175.

1111111111111, indissolubilis: 1111111111 11111
111111 1 111111111111.11.180.

1111111111111, indissolubilis: 1111111111111111
1111. Μ. 26.

11111111111, indivisibilis: 111111 11111111111. Μ.
237. 11111111 11111111111. mm. 11111111111111.Μ.1711.
11111111111.Μ.319. - „

11111111111, 111111111111111111111111 111111111111
1111 111111. mab. non sejunctus: 11 1 11111111111111
3 1111111 1111111.Π.6. 118.

111111111111,11111111111Ιί1111111111111111111111.
Ca. 8. 111111 1111111111111 111111 1111 111111110110.

111111111111,11111111111111111111111111 111111
11111111 1111111111. m.

11111111111,101 mixtus: 1111111111111111111111.
11136.

1111111111, indissolubilis: 111111111111111111-
1111111. Μ. 112. 11 11 111111 1 “pugnano-M. 118.

1111111111,1111111111111111 11 1111 111111111111
1111111111. Μ. 192.

1111111 1111, ignorantia: 1111111111111 11111111111
1111111111. A. y ΙΙΙ. 111111. 121.

11111111111, 1111111111 11 111111111111111111·
1111111113. 111 11 1111111111, 11 111111111127.

11111111111, inconsideratus: 11111111111 1111111·
11111111. 196.

1111111111, indivisus: 1111111 11111111111111111
1111111111 1111111111. 36.

1111, quam, 11. 111111 111111 1111 11111 11111111 11111,
1 1111 11 11111111111111111111 1111 11111 1111111.
11217. 1111 1111 11111 (111111 111111 1111 11111111111.
252. 1111 1111 111111. Μ. 258. 11 11111 11111 1111 11·
111111 11111 1111 1111 1111111111-11111111111·
⁸¹⁸ 11111 11111111111119111111 wora 11111 611111 ie

 

