75

³ 111111. 11. 106. 11111111 1111111. 0140611 11. 117. 111111
11111111 111111 1111111. 11. 138. cs. 1111111.

111111, 1111111111111111111111111111111111 111181111-
, 1111160611111 01111 1 11111111 1111111111 1111111111·
1 11111187.

1111, 11111111111 1111111 11 (11111111111. 111. 280.
111111.

1111111111, 1111111111111.11111111.111.106.1111011

1111111111, 1111111 111111 1111111111 111 11111111.
1 11. 11. 100. cf. 111111.
2 11111111111,11.11111111111111111111111111011111
11111. M. 95. 1101111111] 111111 1101111111.

111111, salinum, 11111. 11111111 111111111 11 1111-Ι
s 111111111111.11.11.73.
1 1111111,11111111111 1111111111 11111111111011-
1 1111111 1111111111111111111 111111111101111111.111.131.
’ 1111111111, 111111111111111 111111111111111111111
2 11 0111111111. Γ. XV. 301.

1111, 111111 enno: 1111111111 1111 1111111111.
11. 61. 1111 1 1111111151. cauo vy. ,

11111111, 1111111 (11111111 unca 116101111111

uma-.-⁴

1111111 11 11111111111111 0111111111 1461011111.

11111111, une 1111111111 1111011 1111111111 111111111-
1111111011, 11111110111111 11111 1111111 1111111111·
moi y 1111111111 c 11111111 1111111111, §ieme 11111 01·
1111111. XV. 270

1111111111,111111111111111 1111111111 1111111 11-
11111 1111111182. ’

1111111111,1111 1111 potestatis 1111 111111111-
1111 11111 1111111111111. 142. 618.

111111111111, libido: 1111 111111111111 11 1111-
111111111 111 11111111111111111111 11111111 111 1111·
1111. 0. A. 1617. 11116. 11 0111111 11111 1111111111
1111 .1., 1 111111111111, 1111 11111111 1111111217.

111111111111,11111111111111·11;1111111111111111-

 

