¹ 113

11
suscitans: 11111011111111111111111111111111111111111
11111 111111111111 11 1111111111 111 11111 111111111-
111,1 11116111 1111111111 11111 111111 1111 11111-
11111. Γ. XV. 002. 1011111111 11111 nomme.

1111111 11,11111111·11 1111111 11 1111911202.

1111, super, cum 1111 1111 11111111. Μ. 20. 1111
11111 1111 111111111. Μ. 93. 11111111111111 1111 0111111111
11111111. Μ. 12. 11111111 1111 11111. Μ. 4. 111111111111-
1111111 11111.Μ.10. 11 11 11111 1111 11111.Μ.10. 1111
1111111. M. 150. 1111111111 (11111111111111111). M 111.

11111111111, sepulcralis: 111111111111 111111.
cr. 20.

11111111111 11,111111111ι·1111 11111111111111111·
1111 11111111111 11. ,1. 99. '

11111111 11, speraret 11 111111111111111111111
1111. Cr. 19. 1111111111 11 11 1111111. Ca. 7. 111111 11-
111111 11 111 11111111111 11. [1. 20. 111111 1111111111
11111111. [Ι. 00.

1111111, 1111111111111 1111111111 11111111.Μ.201. ’

11111 111111111111111111Μ.110. 11111 11 1111111 11·
1111111 1111111111. Λ. 08.
1111111,11111011111111111111111 1111 11111111
11111111. M. 122.
11111111,1111111111·1111111 11111111. ,1.05. 111111·
11111111 11 1111111111111111 11. ,1. 05. ’
1111111111111,1111111111111111111 111111111111-
ue 11111. Γ. x1. 88. ·
11111111111,111111111 11111111111. Μ. 91. 1111·
11111 1111111111111 11111 111111111 1111111. 9119205.
designare: 1111111111 111111 1111111111111.1“. 11111300.
1111111 11, satis spectasse: 11 1111111 11111111·
11111 1111111 11111111111111119111111123. .
1111111111, 1111111111111111111111111111 11111·
1111 11111111. Μ. 311111 11 11111111 111111 1111111111
11111. 11. 11.
111,1ο1111111111111111111, 11 6111 1111111111·
11 1

 

