01

11111111111,111111111111111 11111111111111111111
11 1 11111. Γ. XV. 201.

1111111111111, luci 1111111111 1111 111111111111
1111 1111111. 121. 11. 1111111111111.

11111, 1111111111 11111 11111101. 10. 11111 1111-
1111111111 11 11 aba. 120. 11 111 111 111111111111111
1111111111 11111111 11111111 111111.Μ. 10. 11111 1111 11111.
M. 88 1111111111 1111111 1111 11..Μ. 00. 11111 111111
11111111111111.11.00. 1111111111 11111111.Μ.218. mun·
11111111 11 1111 1111 1111111 11 11111 11111111111-
11111. M. 23. 11 11111 111111 11·11111.Μ.113. 11 11111 1
111111111 111111. Μ. 100. 11 11111111 11 11111 111111.

M. 107. 1111 1111111111111111 1111 1111,1111111111111
11111. Μ. 117. 11 1111111 111111111 11111. Μ. 216. 111

111111 111111 1111 11111. Μ. 216. 11111 11111 1111. Μ.
1111111111 11111, 1111. Μ. 254. 11 11 111111 1111 11
1111111111111111 11111. Μ. 271. 11 11 111111 11 11
11111 1111111111.Μ.285.11111111111 111 111111, 111
1111111111111111111.Μ.280. 11 1111111 1111111 11111
1111111111. Μ. 301. 11 11 11 1111 1111111111 11111111
1111111111 1111111111.11.301.1111111 11 11, ’1111 11-
1111111 11111 11111111111111 11111 «1111111181111
11 11 11 11 11111111111111,111111111111111111 111111.
11381111 11 1111111111111 1111 11111. Μ. 395. 11111,
111 11111111 11111111 1111111518. 1111 1111111111
111111 11111111 11 11111. 11. 1. 111111111111111111111
1111111 1 1111111111. 11. 28. 1111 11111 1111111 1111 11
11111. ss. 38. 11111 11 111111111111111111 111111 1111111.
[11111111 11 11111111111111111, 11 11111111.Μ.210.
11111 11111 1111111111111111111111 1111111111 11111111.

11117. 111 1 11111111111111.Μ.211. 11 11111111111,
1111111111111.Μ.118.11111111111111111 11 1111111107.
1111111, 111, mundi: 11 11 1111111111111 1111·
111111. ⁶. 126.
1111111, 1111110111111111111 111111 1111110111·
1111 1111 111111. 111101. 1111 ie 1111111111 11111·

 

