111111111 111111 1111111111 1111012111 111111

111111111111111. Ca. 2. 1111111111 11111111 1111111.
111111. 11111111 11111. ·

1111111,111111111.1γ Heaupony 6111 91111111 n
111 cmm 11 111111. [1111278.

1111111111111,ρί111111 in muro: 111111 11 1111·
111111111, 1111111 1111111. ,11 72.

11111111111, in muro depictus: antunnacum
1111111 1111111191).

1111111, 1111111111 je 'Ppeenanau 11110 1111111111
namnum 1111 1211111.Γ.11111.370.

111111111,1111111(11111111 10111111 11 1111111
1111111 nom 11111111, 111111111111111 11111, 1 1111-
111 111 11 11111 1111111111.111111111111111.11. 116.

annun, 111 11011011 1111111111 1111111111 1162.
111117.

1111111111, 1111111111 111111 1116111110111011·
111111 1191. Π. 1110.

11111111111,111111.111 nepam 6011111011 unes
1110111111 u 10110111111111 111111111111 1119-[16. Μ.

amnon, Stephani: 1111 1111111111 (w. j. 0111-
1111, cuna 1111111111 0111111111). 11. 6. 126.

1111111, mem} 1111111.

1111111,-11,8111111111,11.111111111111111111111.
11. 51. 11 1111111111111111111111111111 1111111111.
1192. 11111111 111111 (1. j. 11111111 1111111111) numa
11111111 ι11611111 1111 111111 or (211111 11111193.
o 1111111(1111111011 rpnjemnou 1111111101 uje-
110 n) mummia. 11 1111111 1111111111.

11111111 11111, noae ¹¹⁰AE 0011010111 lionam:
11 1111111 11111 1111 11111111. 11291.

11111111111, 1119111111111 11111 11111111111,
epam 11111111111 (1.10111111111111 116101111111
npnje 1111111. 118. 119.

emaum, 116101111111 1111111111 npuje 1413,

111 11

 

