m

- 1111111, (111 solvit: 11 1 111 11111 11 1111111111·
111111111 1 111111. Μ. 169.

111111111, 111111111111111111111 11 11111 111·
11111111 111111111 1111111111. 10. 11111 .1111111111.1“.
xl. 115.

11111,11111111111111 11111 1111111111. 11. 88. 1111111
11111111111111 1111111176.

1111111, pallium: 1111111111111 11 11 11 1111111
61111. Μ. 115. 11111 1111111111 1111111 11111111111 1111·
11111 11111111111 11111111. 11. 6. 194.

11111, 111111 111111 11 111 1111111111111 111111
.1. 11 1111111111, 1111 1111 11111 111111 1111111111 111·
1111 11 111 111111. Μ. 198. 339. 11111 11 1 111 111111.
11. 176. 11 111111 11111111111111 11111111111111111
11111 1111111 11 1111 111111116111.11111111111111-
111. 11. 6. 85. 11 11111111111111 11111 1111111111131.

1111111,111111111111 1 1111 1111111. Μ. 52. 111
111111 1111 11111, 111 111 111111 1111111. Μ. 62. 11
11111 11111 111111 11 111111. Μ. 147. 11 1111 11111 111·
1111, 11 11111111111. 11196. 111111111111111111111
mmmmm. 11 11111 111111 1111111.Μ.195.1111
111111111111 a. 11 1111111111 11 11111 111111, 11111
1111 11111 1 11111111 111111111111111111.Μ.315.111
11 1111111 1111111 11111,1111 11111111 1 1111. Μ.
355. 1111, pecuniam accipere: 11 1111 11111 1111111
1111 111111 111111, 111111 11 11 1111111 11 1111. Μ.
232. —- remunerari: 111 11 111111 111111 11111111,1111
1111 1111111 11111111 111111, 11111111111111111,111-
1111. 11. 23. 11111 1111111 1111111 11111111111.Μ.111.

11111111,11111111 : 1111111 1111 1111 1111111111. 612.

111111, genus: 11111111 1111111 (3111111. Μ. 49. 1111
1111111 11111 1111111111111 1111111111 111111. Μ.71. 11
1111111111111111 111111 11111111. Μ. 191. 1111111
1111 11111 11111111. Μ. 183. 1111 1111111 111111111111111
1 111111 1111111111111111111111111 1111 1 1111111-
1111· ΜΝ. 11111111 11111111111111 1111111, 111

 

