171

113.114.115. 141. 110. 204. 11. 6. 6. 7. 9. 1111111Μ. 113.
1111111. Μ. 104. 11111 11111111. 71. 1111111011111.
,1. 53. 70. 1111111 .1. 01111111. 71. Γ. xl. 1471111111
11111 111111 01111111. 60. 01. 71. 1111111 1111111111,
:oie 1111111 1111111 11111 1111111111 0111111111111..11.
53. 70. 1111111 11111 1111111111 1111111 0111111. 11. 71.
1111111 111 1111111111 111111111 111111 0111111111. 01.
111111111 111111 11111111 .11..1. 71. 111111111111111·
111111 11 111111 1111111 11111111111 111 111111111.
111. 43. uumy 11 11 1111111111 1111111111 0111111, 1111111111.
-0111 11111011111111111111111 1111111, 111 111111
11 11111 11111111, 11 11111111 1111111 111111 111111 11
111111 11111111111 11, 1111111-11111111 1111111111. Μ.
00. 100. y 11 1111111111 1111111111 1111111 511 11111111
111111. Μ. 114. 11111111 111111 11111111 1111111 ce 111-
1111 1111111111111 11111 1111111111 11111111111111-
1111, 11111.Μ.110.111. 117.118. 110. 110 134. Γ. ΧΙ. 137.
1111111. 1111111111 1347 qap: 1111111 11111. Μ. 105.
128. 132.133.130. 140. 141. 1111111111 1111111111]
11111111111 1111111).145.140. 152. 154. Γ. 1111267. 111-
1111111111 ie 1111111 1151111 1356 (1111110614.
11111111 11 111111 1111 1111111 20111.Μ.155.1’.Χ1.
10111111111111111111111111 1111111 11111 1111111Μ.
101. 104. 1111 1111111. Μ. 69. 100167. 177180181101.

103. 205. m 207. 340. 207. 269. 271. 353. 434. 521. 500. 11.
3. 11. 12. 33. Γ. ΧΙ. 14111. 5ῖ1. 01. 71. 73. Γ. xl. 117. 160.

1111111. Μ. 180200. 200. 1111111. Μ. 183. 201 510. ΙΙ. 18.
1111111.Μ.510.-011111111101111111Υ11111, 1111111111
11111 1111 1111111 1111111 11111 11111111 1111111 111111
1111111111 11111. Μ. 150. 150. 163. 105. 100. 171. 171. 521.
1111111 11 1111111 11111111111111 011111 11111.Μ. 107.
1111111 111111. Μ. 173. 1111111 111111111 111111111-
11111 11111 111111. Μ. 108. 11. 011111. -311111 1111 je
11111111 0111 6111111111 111111 1111111111 1111111111 111111
1111111, 111111 111111-1111101111111 1111111, 1111111

01111 7111111, 1111-1.11..111. 1111111. Μ. 105.187.110.

 

