344

1111111, 511111111111, 111111111111111111111,11111111·
1111111, 11111111, commum, 11111111, 1111111. -
11111111 1111111 1111. 11. 5. 83.11. 111. 1111. Μ. 556.

11111111, 1111111 1111.,1.11111 1111111111, 1111111.

1111111111 1, 1111111111 111111ο1111 1111111111 11-
5111111111 1465 11151111 1111111111 1111111111, 1111111 .
je 11111111 111111 y 1111111111110 111, 11111111
11 je 1111111. M. 261.-1Ι11111 1413 111111. 11117.-
1111111, 1111111 1111111111 11 1111111 1441-50 (1111111111-
1111111111 1111 1111111111), 111511111111111111412.
M. 465. 419. 423. 413. —- 1111111111, 11011111 11111111 11111
11 1111111111 11 5111111111 11 1111111111,1442-66, naa·
51111 1111111111 11111111111 1 1462 1 1111.Μ.119.
124. 431. 11. 5. 118126. 127.-1111111 1111111111 11-
11111 1111111 1457. Μ. 471. 478. 479. 11111111111511-
1111 11111111 1462. 11. 5. 111-1111111 5111 1111111111
1461. 11. 5. 117.

1111111, 1111 11111111115111111111111111111111111
1111 11111111 51111 611111, 1 11111111111111 11111111 y
Μ111 Β11ο11111 1 11111 joj 1111111424. 11. 5. 61.

111111, 1111111111 111111 11111111111 1111 1111111
111 1111111. Μ. 13. 1 1111 111111. Μ. 13. 11111 111111 11
11 11111111 1111111111 111133511111111111 1111111
1111111, 1111111, 11111111,11111111111,1111111111111111, .
11111111, 1111111 111111, 1111111111, 1111111111, 1111111111·
11, 111111111111, 11111 111, 1111111111, 111111111111, 11-
111111 11111, 5111111111, 111111, 11111111111, 1111111, ,
11111111, 111111, 11111111, 11111111, 11111 ema, 11111- ,
11111111111111111111111111111111115111 1111 ‚
11 nume, 111ο uno 11 1111111 ue 111111 1111111111
11 cy 1111111-5111 je 111111 11 1111111 1111 1111-

111111111111111111ἐ 1111 111 11111111, 1 1111111111 ,

1111 11111111 111 11111111 11111111, 1111111111111
11111111 11111, 11111 11111 111111 111111111111113.
34. 1111111111111 111111 11111111 11111111, 1111 111111- Ι
111, 1111 111 1111111111 11111,11’1111111111111646. ¹

 

