12⁰

488. 11110 10 61111 11010111 11110 5101110 Mun. M. 414.
-11101 1111101 611111111111 1454 11101011101110111111
1011010 Ρ11101111 flamma. M. 471. ,

1111111111, 11 1011011 61111111112381101110 00
1151011111 11111 6111110111 11 111001110111011
11111011 1111101110 11010110 101110. Μ. 21. .

1111111111, 111 11111111 Μ11010111111,110111111-
111111 1111101111. Μ. 544.

1111110111, 111111 0111111111.

11111011111, 1395 111111 6011111011 01011111
,1161111111 111 11011 11101111 11111111 [1111011111. Μ.
225. - Β.11010.111 500110101111111Το11111110110111-
111 1101 0111111 111111011111 1446. Μ. 440-1111010-
111 101011 1111111101 ’1111110 [1111111111 1446. M.
440. 01. 611110111111. ,

11111011111, -11, adj. 1οὕ [1111011111. upum
111110111111. M. 30.

1111101111, 111111110101111111101101111011
11111 01Ρ11001111, 1111 01110111 1214111010 00
emm 0111111111, 1111111 11 1111111 11 01110 1111111-
01111. Μ. 19. 21. 25. 27. 2711. 177. 178. Λ. 51. 60. 60.
1101111110 0011111 10 11110 1253 11010 n 111111 111110
11111011 61111 1101111 1101111. M. 36. 561. 111 111·
,11 10 Μ1111111111 1101111110 110111 1111111111. Μ. 72. 11
111111 10 51111 11111 11111 5111101011111011.,ᾱ. 109. 1
1101011 10 11111 6111 11 111101 011011. Μ. 54110111
1010111111111110 11· 10 5110 1111111111 70. - Can
11111111111111111 6111101111..11.02 111111 1110110111
11 1101110110 11111011. Λ. 70. 11111111 111011 mutuum
11111101 1101110111110 101111 1111111011. Λ. 52. 70.
-- Β11110111 11111 Μ111111111 11110111 1305 11 1307
1011111 1111101111. Μ. 60. 1 10 he 0111 01111011111111-
1111101, 01101111 1111111101-1111 1111111111-
11111, 111111 111011 ,11111111011 1111011010, 61111
Omana 6111 6001101011, 1 01111 ’1111116111 11
Β111111, 1111110111. ,1. 62. 6111111111. 1. 70. y 11010-

 

