m

111111 1111111111 11111111 1111 111 111111. - 111111
8111111111, 11111111,1111111111, 11111111111.

111111111, 1311 unca 1111111111 11 1111111111·
1111 11111 0111111 11111111. Μ. Mimo 11 1111111
1111111 1111111111 11111. Μ. 181. 182. 111111 111111-
1111 1 (11111111 11 1111111111111111111 1371. A 11.
⁷2. 11. 1111111 y Μ111. S. ,1111011111111111111111 61).
*1111111 6111111111 0111111 011111 1111111111
1111111 1111111111 1398. Μ. 232. 1ο 116111 Μ11111-
111, 1111 11111111 1111 annam.- 11111 1111111111,
6111 1111111 Bynnupa 1101-13. 11. 11117. 115. 187.
’ 11.·11111111111.- Μ111 111111 611111 11 lm 111111-
1111 1111111 11111111 1111111111 1111 111111111.
M. 311111. a 1111 1111111111 11111111 1111111 61·
11111111 1111111111 01111111. M. 119. -·- 1111111 111111
1111111111 1121. 11. 6. 81. —- 11111 11111 6111 11 11
1115 111111 1111111 Cremo. 11. 6. 82. -· ι1111111
,1111111 11111111 1111 1111111111 lm Μ. m -01111
Borme Μ111111111. Μ. 111. -111111 nauum-fin,
1111111111, 1111111111, 1111111111111111111111, ζογ·
11111111, 1111111111, 11111111111, 111111111, 111111·
1111, 1111111111, 1111111111.

11111111111, 1119-311111 11111 11111111111,
111111 1111111111 6111 111111 11111. 11. 6. 8111-
111 ny 1111111111111111111, 11111111 1111111111)-
noia: 11111 nm 1111111111. Μ. 377. 11. Ram-Boi-
111111111111111 1111 111111 1111111111 1111. Μ.113.

11111111, 1398-1105 11111 11111111. 11. 1111161.
111 11 6111 11111111 6111 6111 1111111111111
’11111111 61. 70. 11118. 11111 111 11 611 Β11111111,
111111 1111. 11. 111111. -111111 81111111111, 1111·
1111, 111111111111.

1111111111, uxor 111 1111111111111111111 111·
111111, 11111111111111 11111111. ,1. 71 11. 11111.

111111111, 1111111111 11111111 11111111 11111
11111111 1111111111 111111111 1119. Μ. 31-1111111-

 

