²28

11111 111 1111111111 1 1,,11111111 1 1111111111. Μ. 221.
11111111 1111111111 11111111 11 1111111111. Μ. 230. 1111·
111111 111111 111111111111 1 1111111111111111111.Μ.
232. 11111111 111111 11111111111111 1111111111 111
1111111111 1 11111111. Μ. 236. 11111111 11 11111. Mn.
11 11111 1 11111111. Μ. 255. 11 111111111111111111111
1 111111 1111111111111 1111111111. Μ. 203. 1111111 1111
11111 1 11111111 11111111. Μ. 305. 1111111 111111 11
1111111111. Μ. [113. 11111111 111111 111111 1111111111,
11 11111 11111111111,11 11 1111111. 10. 1111 11111 ιι
111111 11111 11111111 111 1111111111 1111111 11111111.
Π. 10. ,11 111 111111 11111 1111 111111111 11111 1 1111·
11111 111111.Π. 51. 1 111 11111111 11 1111111 11111111·
1111. Π. 159. 111 ιι 111 111111 11 11111111.Μ.540. 1111·
11111 11111 11111111111111111111111111111 1111111111.

1111111111, consultor: 111 11111111 1111 11111·
1111, 111 111 1111111111 11111 111111.Ᾱ.120.1“.Χο.201.
11111111 1111111111111111 1111111111. 204. 11111111111
11 1 1111111 1111111111111111111111111111 1111111111
111111111111111 1 11111111 1 1111111111, 1 11111111 11·
11111111 11. Μ.ί100.

111111111111,11111Ῑ 1111111111.

1111111111, 111111111111111. .

11111111 11, 11111] 1111111111.

1111, nunc: 1111. Ca. 1111. 11111111111. 00. 1111·
1111 11 11 11111 1111. Μ. 23. 1111 11111111 1111.Μ.550.
11. 11111. .

11111111,111011111111111111 11111111 1111111 11
111111111111102. ·

11111111 11, contingere: 1111111111 111111111
1111111 11111111 1111111 11. Μ. 118.

111111111111, eloqui: 111 1 111111 111111111111·
11111111. 11. 20. 1111111111111111 11 11111111111111111

11 111111111. 11,. 61. 11111111 1111111111 111111111111·
111111. ,11. 122.

 

