180

-M, 111 11111111 Ρ1111111Π1111111111, 1111111 nn·
1111 1111111. M. 325. 311. 319. 111171-11111 11111111
1111111111 1111 11111111111111111161111111.11101.
-1111111 (1111111111 y 11611111111117.11.178.

11111111, τοῦ 0111111 111111 1111111111 unua 111·
1111 11111111 1111. Γ. 1111277. ·

111111, 11111 1111111 1 01111111 1111 je (311111
111111 111 111111 1111111111111 111 je 11111111 11111.
11. 123. 11 111111 ,111111 111111 11111 unp 111 11111111
111111111οοὶ 1 1111111116111111 111111 1111 11111.
11.2111.-Β11111111 napa 0111111 1111111 1111111
1711. Μ. 112.-11111111111 1111111111 1111111111 11
1111111111 1111111111, 11111111 111111368.11.178.-Γ.11-
111111111111111, 1111111111, 11111111, 1111111111, 1111·
111111, 11111111111.

11111111, 1111111 1111 1111 je 11111 01111111·
111111 111111 ,1111111111 11 6111 1111111111 1111111 1
1111111111 6111111111 1111111111. Μ. 117.

11111111, 1111 1111111111 1111111111 0111111111
11111 1111111 11111111 1111. Γ. XV. ³⁰0. -

11111111,111111111 1111111111 1111111111 1 1111·
11111 11111 1111111111. M. 72.

11111111, 111111 111111Μορ111 111111111111111
11111111) 1111Ρ11111111 111111 je 1111111 1111111111
1111111111.11.197. 1111111111 11111 11111111.

111111, forma: 1111111 1111111111111111111.01.6.
11 nmmum 1111111 11111111111111.01.18. 1111111
1111111111 11111111 111111111111.,1.150. 1111111111·
1111 1111111. M. 11. 1111111 1111111 11 1111111111 1111111
11111111111111. M. 187. 1111111 1111111 111111 1111111·
11111111. 111111 111111111111 schema: 1111111 1111111·
1111111 1111111111 1 1111111111111 11111101. 11012.
1111111111 1111111 1 11111111011111.11111111111
1111111.Μ.16. 11 111111111111111111.11.76. 1111111111
1111111 1111111 1111111111 11111. 11.· 161. 11111 1111
11 111111 111111 1111111 111 11111.Μ.117.519.111111

 

