91

11 1111111 1 11 1111111 1111111111 1111111111111·
1111. Mo.

11111111111,1111111111111111111111 11111101.
13111111 11111111111111111.01.26.1111111111111111 1111·
1111 1111111 11111111111111 1111111111111 1111111111111.
ll. 177. 1111111111. Μ. 333. 11111111 1111111 11111 111111
1111111111 111 1111111, 1111111 1111111111 111111111111.

1111111111, colorem quemdem 11111111111111·
lun: 11 111111 11111 111111111111. 171.

:mnu-nmen, animo splendens: 1111 111111.
1111111 111111111111.,11. 1111111111. 111.

111111111111,1111111111111111111111111111110126,

111111111,111111111111111111111111111111111111.
Μ. 562. 1111 11111111 11111111111111 1111111 111111111
11111111..1.61.11 1111111 1111111 1111111111.Μ.1Μ1.111·
1111111111111111 nonantulensis: ·

11111111, splendor: 1111 111111 (11111111) 111111
1111111111.11.161. ’ ⁴

111111, lucidus: 111111 1111111111 1111111111111.
101. 11111 111111 111111111111111111.111.1331 111111 xl·-
111111 11111111 111. Μ. 172. 11111111 111111111111. Μ.
182. 11111111111111 1111111111111 1111111.Μ.332. 11111
1111111111. M: 2:27. 111111 11111. Μ. 550. 11 111 11 11111111
1111111.. Μ. 151. 111111 111 111111111111 11111111 1111111.
,1. 12. 1111111111 11111111. Λ. 51. illustrissimus: 1111111-
,11111111111111111111111111 11111111111.Μ.112. 11111111
111111111111111106.

11111111111, luel 111111111 1111 1111111 1111111
1111111111 111111. M· 129. ¹

·111111111,-1111111111, 11111111111111111 1111111·
111 1111111 1111 1 11111111 11111111111 1111111111. ¹
M. 367. 11 11111111 1111111111 111111111.Μ.111.1111·
11111 11111111 1111111 1 111111111111111. Μ. 507. civilis:
11111111 11111 1111111111165.111116111111, more
111111, neo 11 je 111111 111111111111111111111111
u 11 11111111 1111111. M. 125. ’

 

