515

-111111111111111111111 1 1111111 11111 1111111, rano 1
1111111111 1111111 101111111111 11111111195-19,
1111111111111111 finano 1111111111 11 1111111 1111111
n 1111. M. 202. 11. 117. 11.5.81.11111111111011111111
1111111. 320. 511 1111111 111111 10111111111111 nyma
11111111119-12,11 ee 11 111 11111 je 111111 111)-
11111. M. 191191110111111111. [Ι. 5. 71- 11111
1119147, 111111 une 1111111111111111111, 1115111111
1111111111 nume 1011111. M. m. 205. m. 320. m.-
1111111111-112,11151111 1111111111 1 111111111119.
11111111. ⁶. 111. - (1111111111, wiern 1111111111·
11111 1171--117, M. 511. 515. 515.
1111111,11111111111111111111111111.,11.191.111·

111111111111111111.,11.185. 1111111111 1111111012.
111111 11111111. M. 1911. ’

11111111, 11111111 mmo 51 fimo: 111111111111
1111111111. 199.

11111111, dimittere: 1111 111111111 11111111111

11111101. 101 sinere: 1111 11111111· 11111 11111111
1111111111. 1. 11 11111111111111 11111 1111111121
11 1111111 11111111 1 1111 111111. M. m.

11111, inferna: 1 11111 1111111. 1111

1111111, acy-na 1111111 (51111111115111111611).
1111. 111111111111111 11 111111111111111.1’.Χ11.301.

1111, truncus: 11 111111 1111. 11111111.

111111, 111111 111111.

111111, 111111 111111.

111111, 111111 111111.

111111, cunum curator: 11 11111111111111111-
1111111111) 11 11111 11 111111 1111111111111111111
(1. 1. 11 ny 111111 1111111111111 1111111.Μ.63. 11111.
Γ. XV. 1117. 11111. M. m. Γ. xm. 197. 111 11111 1 111
111111111.111.118.Γ.11111. 119. 111111. M. 192. 1111111 1
1111111111 1 111111111,111111111,11 111 11 111111
maman&

11111, caninus: 1111 11 111111111111111111111111

11*

 

