6

11111 1111111111329.11111111111111111.3.29. 111111
1111111111,111 111 11 1111111111, 111111111 111111111 11·
111111, 111111 11111 1111111111 1111 111111(11111111.ιο-
1ο] 1 Π1111111).Ρ.Χ1.287. .11111.,,111111 .1., 11111
1111 1111111111 1111111, 11111111111111111111 qm„
1111111 ,1.11. 514.

11111111, 111111 1111111111 1111 1111111 (1151011-
1111) 11111 1111 11 11 111111111111111111111111111111·
11 1111 11111111. Μ. 228.

11111111, 1111111111 1011111 11111111 [111110-
1111111111 111 1111111111, 1111111 1111111111, 11111 111-
111 11111111 1433-42. M. 401. 413. - Β.11111.111 111111-
11111111 111111111111111 11111 ’11111111 11111111
1454. M. 472.

1111111,11ο 1111111111 11111, 1111111111 11111
11111 1111111111 1400. Μ. 248. Π. 39. 111111 nepas, 111-
1111111, 101111 11111 111 111111111111111111111111526.
vil. 83. ci. 11111111.

11111111, insidiae: 1111 1111 1 1111111 1111111101.
25. 111 11111111 11 11111111 111111 1111111. M. 83.

111111, latrare: 1111 111111111 111.1“. Χ. 251.

1111111111, 11611111111 1111111 1111111111 111111
11111111 1111111111 Μ1111111. 11. ⁶. 44.

1111111, 1111 ie Optimam 1111111 111111111111
1111111111111111111111111, 111 11111 111 11111-
11111 111 1111111. Γ. XV. 274.

111111, 1111110111111 uma 11111 11 111111 11·
111111. Γ. XV. 275. ci. 1111.

1111111,11111111; 11 11111 111111 11 1111111. Γ. 111111.

1111111111, 1ο111 ad conservanda glaciei frusta:
11 11111 1111111111 11111111. li. 154.

11111111, 1111111 1 1111111, 1111111111 1111 1111111
011111 111 11111111. Μ. 151. 11 je 11 111111111111111
1111111 1111 [11110 1399. 11. 23. n 1111 11 1106111-
11 51111 Panna.

111111, 11111 inculta. lli. 111111. 77.

 

