424

159. 1 1111111111, M. 169. 161. 161. 1011 6111111111. Μ.
1691611165. 11 1111111111. M. 167. Γ. x1. 161. y 1111111111
11111111 1110111111 1111111111 Μ111111111 11110 11111111.
0111111, 1011 1111111111 111110101110111 1111111111
1111110 1111010111111111 6111111. ,1. 70. 11111111 111111·
111111 11 0111110 6111111111. 53. 70. 11111 11 0111111 .
111110 1 1111111111 1111111 1111111111 Μ1111111111 l'a·
11111. Γ. XV. 268. AM. 111111 ,1110111111 me 11 111 .
111111 1111111111, 11111 111111111. ,1. 61. 1111111 111111 .
11 11 61111 1111111111 Μ1111111.,1. 71. 1ο11111 ce jom 1
111111 1111111 1 11111111111111111111.111111.1’.Χ11. ξ
171171. 11 10111 111111 6010101111111. A. 69. 61111111- .
111111 11 61111 111111111111110110111, 101111 uo 11-
1011101111 unewanno 1110111, 11 10 1101 1101111111 ἶ
1111111 601010111111111..11. 59. 69. 1111111111 111111 1111111 .
11111 1111111 1155 211111. ,1. 79. wo 11 11111111 111111 na 3
11 110 11111111 610 11111 1111111 111111111111, noia A
111111. -1111111111111111111 0101111011) 111111 no A
11111 11 01 1111111111 111111 110011111111111111111111- A
1111. M. 63. 016111111111 1111111111οΧ111111111111
Μ11111111. M. 59. of. 1111111111111. .

11111111111111,111111111111·11 11111111110111111111 A
1111111 0111111111111111111111111 1111111011 11111011. A
018. 1111111111 111111111111111111111Μ1Η1111111 Μ. .
69191.11101111110111110111110111101.(1111.
A. 51. 1111111111 1111111111. Μ. 566. Γ. 1111269. 111110-
11111 11111111111. 11119369. 11111111111 1111111111.
AM. 11111111111111111111111 11 1111111111 1111111·
111, A. 61. 11110 11111 111111111111. Μ. 87. 11 11111111-
1111 111111. Μ. 93. 11111 11111111111. Μ. 1711. ss. 6. 16.
29. 11111111 1111111111.11.6.17.

1111111111, 1111111111111 11111111 611111 11111-
111111 1111111 11111110111111111111111 1 1111111111 111111
1165. A. 79.

“ 1111111111111, 101111 na 111111111161111111·
1111111 111111111111.11. 6. 26.

 

