144

1111111,1116111111111 1111111111 11111 111111.
Π. 164.

111111,11061111;1111 11111 111111111111111111
11111111, 1 11 1111111111 1111111. ,1. 1511179. 11111
101 *opum -

11111111 ce, pudere: 11111 1111111111111111160.
11111111 ee 111. ,1. 131. cauo 1101 101111, na noue
6111 1111111111 1 1111111111 11, noje 1111.

11111111 ee, pudere: 111111111111111111111111·
111 11111107. 11111111 11 11111111. ,1. 121. 11111·
1111111111 11111111 11111111111. ,1.217. 1111 11 1111 ce
1 11111111 11 1111111111 11. Μ. 75. 81. 121. 1111111111 ee.
M. 110.

11111111, pudor: 1111 11111 1111 111111, 111 1111111
11111, 111 1111 1111111111 1111111647. 1111111111 11,
11 11 111111 111111 11111 1111 1111111. Π. 7. 1111111
111111 11111111. Π. 104. 11 11 111111 11 1111111111111
111111. M. 476.

1111111111, pudore afficere: 11 111111 1111111·
11111 11 11111 1111111111. 13.

1111111111, turpis: 11111 11 ennom-¹187.

111111, pudor: 111111 111111111161. 10.

11111111, turpis: 1111111 1111111 1111111111 1111·
1111 111» 1111111111 1111 111 1111111 1111114.

11111, cacare: 1111111111 ie Τ11111111 11111 my
1 6111111 11111.Γ.Χ111.373. 11 6111111 Τ1111.1’.Χ1.135.

1111111111111, 1011011111111111111 6111111-
111111 1306. .Π. 5. 1 6111111 6111111111111. M. 326. cf.
1111111, 611111, fimum. .

1111111111, 1111 nymno: 6111 611111111111111
6111111111. Al. 1119. nnmy 11 n 6111111111. 1100.-
15111 1011111111111 1pr 1 Eamne 1368. M. 177.
204. 111111161111111111.Π. 1. 01. 6111111, 61111111.
11111111111111 6111111. 111111 1111 61111111111111
61111, 111110 1111111111 aemonae 11111111111111
11111111 61111. 11. 74.

 

