111

1111111, orbum 11111 111 11111111111111111 111
1111111. Γ. xl. 114.

1111111111, inquinare: 11111111111111111 111111
111111111 1111111. 01. 19. 111111111111 1111111111 11
11111158. ·

111-111111, 1111111111111,1111111111111 111111111-
11 1111111111 111111111. Gr. 4. 1111 11111111 11111111·
11. cv. 18.

111111111111, lenis 1111111 1111111111 11111111
11111111111. Γ. XI. 111.

111111111, 1111111111 111111111111111111 111111 11
- 1111111 1111111111. 190.

111111111, affligem 11111 1111111111. 41. 1111
1 11111· 11111111 11. a. 1111.

1111111111, affligere: 11111111111111111111 11·
11111 111111 11111111111, 11111111111111111111011.
11 111111111 111 11111161. 11 11111 111111 11111111-
1111 1111111111 1111111111. 114.

111111111, affligi: 1111 1 1111 1111111. ,1. 12.

111111111, inops: 11111111 111111111111111111 111·
1111111111 11111111 1111 1111111111 11111111.11.111.

111111111, deficeret 11 11 1111111111111111111
111111111111.01.11. 1111 1111111111) 111111111111.
m. 111111 1111111111. Γ. xl. 111.

111111111,11111111, 1111111,-11,1111111 111 11
111111 1111111 111111 11111111111111111111 11111111,
11 111111 11111 11111111. 11111 111111111111111111,
11 1111111111111111 .1. 1111111. 3. 37. 111111111111·
1111, 11111111111111111, 1111 11 1111111 11111111
11 1111 1111111111. 111.

111111, 1111111111 111 1111111111111111111111.
111. 11111 1111111 11111111, 1111111 1111111111 11·
1111111. 11111.

11111111, debilitare: 1111 11111111 1111111111131.
27. 1111111111 11 11 ·1 111111 11 1111111111111111111.
11011. 11111111111 111111. Cr. 11.

 

