210

1111 11111111 11 1111111111 1111111111 1111 1111111 11-

111 0111111 1101111 1011. Μ. 531,

11011111, profunditas: 1111111 111 1101111111 cpt-

11111111. (11.1. 1111111111 11111 1101111111110111111. 1

111562. 11. 1111111.
1101101111 111011,111111 11110111 011111.
1101101111, 111111 1111011111.

1101111111, scenicus: ,1 101011111 1101 11111111 ra-

101 111011111111111110111 11 1111 111111, 1111 11111
111 111111. M. 557.

1101111111, 1110 111111, 11 101111 1111111 1111-
1111 11116111111111111111 1396 6111111 111111
1 11111111 1 111111111.11.5. 1111111111 11111 11111011
111111 1111111111. ss. 1.

11011011, surditas: 111 11011011111111111. 11153,
111. 111116.

110111, surdus: 110111111101111111011111011011.

1111111, profunditas: 11111 1110111111 1111111
1111111111. Cr. 1. 11111111 111 ug 11111111 1011 nme·
1011111111. 112.

1111011, profundus: 111101011111111 11111111-
011111. A. 15.

1111011111 1011, 1111 1111111111111111111111 ou

111111111011 11111 1111111 1111101011 11 111101111111.
Μ. 111.

11110111 111011, 11111111 1111111111Χ111111·
pa y 011111 Γ111 111111 1111111111110111101111 111·
1011 . ..11 11111111 . . . 11 11111101 11111101, 1 101 11111
11111 1111011111 110111110111. Μ. 127. y 1111111 1110-
111111111111 111111 1111 11111111111110 11111·
111101111. Μ. 131. 1 y npnjenucy 11111111 rora
1111111111 1 1111111111 6161111111 1511111111111
111111 11 11 1111 11111111 upon 1111 11 1111111111 111111
mumma

11110111, profundilas: 10111111 1111111111111111-
111 11 11111 111111111111.,11. 23.

 

