1111111111, 6111111111,111111111111,111111111111, ee· 2
111111111,61111111111, 6111111111, 61111111111, 1111111- :

11111111, Ῡ11111111.

111111111111,1111111111111161111111110111· 2

1111111111 61111111111111111 1366. Μ.233. 231- cus ¹

11111 6111111111 ’11111111 1111111 ’11111111111 :puy
11111111111 1461-6 1 mm, 1111111 js uueny
1111111111611111, 11 ce 111111 6111111 1111111111
11111111111,111111111111 uns 111111 1161111111
11111111, 1 sees-o 11111 1111111 11111111111, 111111-

11111 nysa 1 611 1111111111 cauo 1111111. 11. 56. 66. “
72. 81. 125.126.176.171. [Ι. 6. 165. 166. Μ. 253266. 361. 1

367. 316. 318. 367. 376. 402. 111111. Γ. ΧΙΙ. 73. 11111111.

Ιιῐ-611111111111611111111111111111111111 1666-11.
. 76. 161. 167.

11111111111, 11111111 1111111111 1111111111 111 .

’1111111111 1247. Μ. 32.

1 1111 1 1, 11111] 11111111.

11111111111, 111111 111111111111.

111111, 111111111111111111111111 1111 11111111
111111 11111, 1111 11 1111 1111 11 111111. 11. 16. 1111
11 1111111 s 1111 1111111, 111 1111 111111111111111·

1111. Π. 125. securitas: 11 1111 11111111111111111111 .

111111111111 111 11111111 11111111. Μ. 567.

11111111, 6111111111 11111 11111111111111111 Ϊ
111 1111111 1111111111 111111. 11236. 11 11111 1111111 ἱ
11111 111111. Μ. 626. 11111111111111111111 1111 1111· 1

11111. 111111 111111, 11 11111111 111111111 111111 11111
11111. Π. 16611 1111111111 11111 1 11111111 111111111111.

Μ.366. 1111 1111 1111111111 11111111 1111111 1111111111. .

375111111111111 1111 11111111111111111, 111 111111 ,
1111 1111111 1111111111. Μ. 378. 11111 1111111 111111· -

1111 111111 111111. Μ. 366. 111111 111111 1111111 11 1111
11111111 1 11111111. Μ. 166. 111111111111111 1 1111111
1111111111111111111111 1111111111 1111 111 111111.Μ.161

11 11111 1 1111111 1111111111111111111111111111111·

 

