27⁴

1111111 11111111, 1 11111111111111 1111111111 1111111111·
111 11111 1111111, 11111111, 1111111, 111111. 11. 138.

1111111111111,11111111111111111111111111111111-
1111 111111111111 y 11111111 111111111110111111111,
y uojoj ce 1111111111 11. Cana. ,1. 13.

111111111111111, τοῦ παντοκράτοροςε 11111 111·
11111111111. Μ. 111. 1111111 11111111111111. M. 119. 11
111111 1111111111111111. 1112711283. 11 11111111111111
1111111111. Γ. XV. 275. 11111111 11111111111111. Γ. XV.
306. 11111 11 111111 1111111111.

1111111111111, παντοκράτωρτ 11111111111111111
1111111111 11111 1111111111 11111111111111 (y 1111111111).
Μ, 91. 1111111111 1111111 1111111 11111111111111111111·
11111 111111111111 111111 11 111111. M. 567. 11111111 11111-
11 o 111111111111. Μ. 111. 1111111111) y 011τοὶ 1111111
1111111111111 11111111.Μ.132. “

111111, calumniat 11 11 11 111111 11111 11 1111111
11111111 11111. Μ. [158. ’

1111111111, calumniator: 111 11 1111111111 111111
1111111 1111111111 1 111 11111111111, 11 1111111 111111
’1111111111- 1111111111 11111111. M. 458.

1111111111,111111111, 1111111111111111, 11 y ‘lexa
1111111111 111111 1111 1 1111111 11111111 11 11111111111·
1111.Μ.198. 1111111111 111 11111111 11 1111111111. 111198.

111111111, Ρ1111111111111 1111 110111111111111111111-
1111 111111111111 1111111111 111111 111111 11 11111111.
1111111111. Γ. XV. 279.

1111111111111,1’1111111111111111111,111.1111111111·
1111111 y 11111111 11111111 011111 1111111111. cv. 10. - up·
111 11. 1111111111111 noa 111111111111, 1 1111111111
1111111111) me 1111111111. Μ. 11111-1011111 Popny
nuanacwpy 11111111 111111 11. 1111111111111..1.1111. 11.
111111111111111.

1111111111, 11111111 611111 31111111 111111011111
1111111111 1116111 11111111 1011111 11111 6111111 nonen
1111111111 6111 1111111111111 11111111 1111111111. (11.1.

 

