1111111111, 1390 11611111111 11111111 11111·
1111 111111111. 1122.

111111111111, 1117 1111111111 111111111111111-
1111111 11610111111. II. 136.

11111111, 1111111111, 111111111111111111111111.

11111111, 1109 11111111111 1111111111111111. II.
100. 1111 11111 111111 111111111 a 1111111111.

1111111, 1111 1111111, 111111 111111111.

1111111, 111 1111111,111111 1111111111, 11111111·
111111.

11111111-11, XV 111111 1011111111111, 1111 11111-
1111 Μ11ο1111111, 111111111611111111111111 1 11-
111111. Μ. 514.

11111111, 111111 111111111.

111111, 11111111111 1111 11 1111Μ11111111111-
cao 1111111111 11111111 11 6111 11111 111111. Μ. 60.

111111, 1111111 1111111111111 111111 many 1111
1111111111 111 1111111 111111. Γ. 11111171.

1111111111, 111 01111111111 1111111111 1111.
II. 121.

11111, 11111111111 1111 0111111111 IIpno-
11111111 1111 mm 1111111 6111111 1111 11111. Μ. 12.

11111111, 1111 11111111 0111111111 111111 11111111.
Μ. 100161-111111 1111111111, 111111111111.

11111, del: nocumentum 11111111. Μ. 1. 1111111111

11111111 11111111 11111. Μ. 111111 111111. Μ. 21. 111·
11 11111 1111111111. Μ. 28. 11111 111111. Μ. 68. 1111111111
1111111. Μ. 80. 11111111 1111111111. Μ. 217.

1111111111 1, 11611111111111111111111111 1106.

11111111, 1111 aymo, 111111 11111111111. cI.
11111111.

111111111111, 111311111111111 11111 11111-
111111. 11. 117.

11111111, 1111111111 11111 1111111 11111 1111111
11 11111 011111 11111111111111111 mmm. Μ. 12.

 

