4⁵³

1111011111 111111111111111111 mm 1111111 1111111
111 11111111111. Μ. 12. ·

111·111111’11,1.11111 1111111111111 11111111 111111·
111111. Μ. 17.

1111111111, 111111111 1111111 111111 11111111111
1183.Μ.1136.1131.-1111111111111111111111111111111
1181-99. Μ.538.1Μ[1.- 511111 111111 1 8111111111111-

11111111. Μ 566 1111 11Ρ1111111111111111111111
111111111111113621111111111111111, dominus Zente
11111611. [xum. 138. 1111111 11 11111111 11 1388.
ΙΣΧΜ. 181. ’

11111111,1111111111111111111111111111111Τ1111
111111 1111111111111111 1111 1111111111. Γ. 11111. 371

11111,1111111111111111.Μ.198.-1111111“111111
111111111111111111811111. 1111111111 1111-111111
111111,111’111111111. 11. 11111

11 11 1111111,111111111111111111111111111111011-

1111 1111 11111111 11111111111111111111111 61111111-
11111 11111111 11111. P. XV. 366. 11. Υ111111.

111 1111, 1111111 11111111 xlv 11111111 111111 111111
111 11 611111 11611111111. 11121,

1111111 11111, 11111111111111111.

1111111, 111111 11111111.

1111111, 111111 11111111.

11111, manubrium: 11111.1.1111111111 1111111111.

11111,111111111111. ,

111111111,1111110111111 11111111 11111111 1111·
1111 11111 1111 [1111111111 1111“1111111.Μ. 571.

1111111 111111, 1111 1111111 11111 1111111111
'Ponam 111 11111111 1111111 1111111111 11111111111
1111 11111111 1111111. Μ. 139. .

11111, 1111 11111111 1111111111 111111 11111111-
11111 1 111111, 11111 1111111111. Μ. 186. 1111 he 6111
11 111 111111 1111111 1381111111111111111111111 1111111
11 11111111111..1.71. 11. 111111.

 

