111111111111111530. 81558553--811111 11111111

1111111111 81111111 1530. Μ. 553. - 8111111 1111111- ”

11115321. 81. - 1111111 1111- 1111111111 1008. Λ. 88. ·-
111111 811111, 8111111181, 811111111181, 81111111181,
811111181, 811111181, 8111111181, 81111111181, 1111111111,
111111111181, 81111111181, 1111181, 8111111181, 811-
1111, 8111111181, 81111181, 8111181111181, 8111111181,
8111181, 8111111181, 0111111181, 011181, 8111111111181,

8111111181, 0111111181, 0118181, 1111111181, 111111-
111181, 81111181, 1811111111.

1111111111, 111111 01111111.

1111111, 1111 5111111 1111 1111111 1111181 ,1111
11111111 creona 1111 111111 111118111111 y 1111-
111111. Γ. XV. 272.

1111111, n. mep je 111111 y 11111111 11111
111181 1111111 1111 1 11118111111.81.58.181.111 11

ie 5111 111111 51111 8111111111.

’ 1111111, 111111111111111 11111111 51111111
[1181 13801 11 0111111. 11. 18. 111 0111111181. 813.

11111111, 11111111 8111111111 111111 11111181-
1111 y 8111111111111111811111 11111111 111. 1111111.
1. XV. 291.

1111111, 1111 1111111,11111] 0111181.

1111, quinque, 11. 1111111 111111111111111111111
111111118123. 111111111 1111 11111111. M. 23. 1111111
111111 1111 11 11111181. 38. 1111 1111111. Μ. 58. 1111·
1111111 1111111 1111111111. M. 1081 1111111 111111 111·
11111 1 1111 11111111111111111.81.229. 11 111 111111 1
1111111111 111111881Βο. 1111 1111 11111111111111·
11. 88318. 1111 11 1111111111. 81. 3301 1111 ,111111 1 11111.
Μ. 380. 11111111. 81. 301. 301. 800. 11111111 1 11111. 81.
37810111111111 je 51111 1111111 11111111 1111 1111-
1111, 1111111011111 11111111 111111 111118111ηοὶ
y 8111111118. XV. 303.

111111, 8111111111111111 1111110111111 11 811.
1111111 1111 11111 Μ111111Χ11111111. 8101. 1111-

 

