m

1110115. Μ. 11. ⁸reero. ocraje y nourrarnny 111111
11111111 mre 11111111 1111111111 1111111111 111111
1111111. Cr. 21. 11111 1111111. 111111. 15. 111111 1111111.
Μ. 31. afferro 11111 1111111 11111111 1111111111 1111111111
11111 111 crana 11111111 11111 1111111. Μ. 5. 22. 28. Ι1111

1111111. Μ. 9. 11111 1111111. Μ. 103. 1111111111, 1111111,
11111111, 1111111, 11111111.

111111111,11111111111111111111111111111111130.
11111111, perdere: 11 111111 11 1111111 1111111111,
qo 1111 111111111. Μ. 31. 1111 1111111111111 1111111
11111111,1 111111 1111111111. M. 36. 1111 1111 111111. Μ. 69.
111111111,111111111111 1111111111 111111111111111
111111111 11 11111111. 35. 111111111 1111111111. 78.

11111111111, mediatione consequi: 1111 1111111·
111 11 1111111111111.1],.ί19.

11111111, exire: 1111 11111 111 11111111 111111. .
(31.5. 11111111 1111 111111111111111111 1111111111Μ. 13.
11111111 1111111111 11111111 11 11111111 11111. Μ. 87.
11111 111 111111111 Υ11111111 111111.Μ.92.1111111,111
1111111111111.3.ί17. 11 11111 1 11111 111111. Μ. 324.
111111 111111 1 11111 11111 1111111. 111507. 111111 11
11111 11111111 (1. j. yrrpe). Λ. 51.

1111111111, initium: 111 111 11 11111111 11111·
1110119.

111111,111111111111111111111111 111111 111111. Ca.
10. 11 11111111 1111111 1111111 11111 111111 111111 111·
1111. Μ. 215. 11 111111 11111 1111.1“.Χ1. 129. 111111 11
1111111 1111111111. Μ. 513.

11111111, exitus: 1111111 1111111 11111111 11111-
11111, 11111111 1 11111111 1111. Μ. 533.

1111111111,11111111111111 1111111111 11111111111
111 111111111111. 116.

111111111, perdere: 111 11 111111111111111111
111 1111111111. 11. 6. 40.

11111111, eripere: 11111111 11111 11111. 112.

1111, 111, 1111- 111111 111, nr, 1111, uu·

 

