236

111 1 1111111111 11 11111 111111. Μ. 9811 111111111
11111. 3. 31. 11111111 1111111. Μ. 246. 11111111 11111-
1111 111111. Π. 63.

111111, 11111111 1111311111111111 1111111 §uuo l'pa·
11111111 1111111111 11111 11111111 111 ’6111111111 xu-
111111111011 111111. Μ. 195. 1111111. Γ. Xl. 139.

1111111111, 111111111111 1111111111 111111 111111.
Μ. 386. 11111111 1111111. M. 386.

11111111, 111111 11111111. ,

1111111111, Gregorius, cf. 1111111111 ouo 1275-1321
11111111 111111 1111111111 111111. Μ. 83. - 31 1111111
1111111 111111111111111111111 11111111 1111 11111111
1111111 11 1111111 1111111111 1111111111 11111111111
1 11111111 11111 11.11111111111111111111116111111111-
ouon. Μ. 212.-·0111 13894-1165 11111111111111111111,
1111 11111111. Μ.262. 111111 he 611111 ouo 1399-1198
11111111 111 111111 1111111111111111 11111111. Γ. Xl. 111.
— Mryuau 1111111111 y 111111 1101111111 XIV 11111111
111111111111111111, 111111 11 11111111010111111111-
111111111111. Λ. 61. Γ. ΧΙ. 11411111 31111111111.

1111111111, 1011111111 l'opu 61111 1111111111
1111111. Μ. 127. 111111 1111111111,1.1.Γ111111111111-
1111111. Μ. 211.

11111111, purpura, 11111. 1111111111 111111111111
11111111 1111111. Μ. 198. 11111 11111111 1111111111125,

1111111, 11111111 11111 11111 11 1111011111111-
1111111111111111111111111111111 1161111 1111 1111111. Μ. 13.
- 1111111111, crystallus: 111 1111 z 11111111111
11111111, 1111 11111111111111111111 11111111. Μ. ί1118.
11111 ,1. (111 111111111 1 11111 111111111111111111Μ.
198. curu 11111 111 111111111 1111111111 11111111. Μ. 198.

1111111111, 1. pl. 111111 611111111111 foveae:
11111111 y Μ11111 11011 11 11111111111Ρ11111111111
11111111111111 111111 3111111111 1 11111 1111111111
11111111, 1 (111 1111111111 11 111111.0..1.1817.111.53.

11111, sepulerum: 1111111 1111111111 11111. Meu.

 

