841

11111111, 1111111ῑί111 11 1111111 111111, 111 11
1111111111111, 1111111111 111111 1111111111 11111111.
811. 111 11111111 11111111 111111111108.

111111, angustus: 1111111 11111 11111111. 23. 11
111111111111111180. 1111111111111 1 11111111. 173.

mm, 1110 1111111111111111111 61111111-
11111111 1111111111 1111111111.Γ.ΧΙ.134. 1ο he 6111
1111111111 ceno 1111111111 11 pnjeuu Bafiyuu 61111
ema 1311011111. 1111111, 11111183,1111 nume Teowo.

1111111111,11ὕ1111111 1111 11111111 111111·
1111. Γ. 111. 131.

11111111, une 11111111 111 nm 0111111 01111
0111111 Hennam: 11111111. A. 57. 58. 68. Γ. Χ. 157.
1111111111 7111111111. Λ. 58. ,

111111111111, 1111111111 6111 6111111111 (111-
9111 111111 ’1111111111111 1332. M. 102

11111111,11111111111111111111 noje je 1111
0111111111111111111111 111111 jem fijeme 1111·
1111. M. 12.

111111, ue nyma: 1111111111 1111111111
(1111111111 111111 111111111101 y 11111111111111
6111111 111111. Γ. XV. 270.

11,1111111(11111Ῑ y uojoj 1111111111309-318)1 11·
11111 1111111111111111111 ov 11111111111111.1. 70.
111111 ov 1111111 11111. M. 111. 1111111 1111111111197.
1ζ11111111111111111 11 1111111111. 11 1111111111
1111, 1111 111 esurum 111111 1111111111 1111111

1 1111.11.21’.11111 11111111 1111 1111111152. 11111
(1111111111) 11 em 1 11111111 111,111111151111111
11111111118. 1111 11111111 1 1111111. M. 187. ga 11·
11111, 11 1 1111 1 1111. M. 102. 111111 11111111111111
1111111 11111. 11108. 11111 11111111111 1 1111. Μ.
177. 111 11 1111 11111111 z 1111111. 356. 1 1111111 11·
1111111111.Μ.111.-11111111111111, 1111 11111111

 

