111)

’ -· 1111111111, 1111101111 1111111 511111111Μ111111111111
1111111 Τ111.10111111, ena 611111 5111111111 Somne upo-
1111111111111, 1111111 1111111111, 1111111 1111 1111111111
1111111111. M. 544. 11. 1111111111.

111111111111, collaudatio: 111 111111111111 ms·
11111111 1111111111. Μ. 186.

1111111, nme mymno: 111111111111 11011 1111) Cre-
1111 me 11111111 1111111111101 y sspuapeuy 11111011
§ieme 11111 11111111. Γ. XV. 1103.

11111, nme nymuo: 1111111111 y noapyqjy xep·
11111 1111111111 11111 11111111 1111111111 1111 1111111 11111
”scrutum 1404. Μ. 2511-131111111 1111011111 anau
ce 1111111111 111111. Μ. 511. - 111111 1111111111.

111111111,111111111111111111111111111111111111·
111111 1289. Μ. 55.

1111111111, gloriatio: 11111111111 11111111111. 153.

11111111, nme 11111110, 111111 1111111111.

› 1111, 111111 111111.

xum, 11111110 11111111 1111111 11 11111111 (1111111111

111111111111111111111111111)1 1111111111 111111 1111 1111 11 11111.

11. 88. 1111111111 11111111 11 1111111 11 11111111. 116. ¹

1111111111, τοῦ ,1111111 1111111111 1111111111. Μ. 1
15111110 Aa 11 memo-we 111111·111(1ιεο 111 1111110111· ¹
1111111111) norpjeunen: 111 11111 111111111111111.11.6. 25. 1

11111111, prehendere: 1111111 111111111111, 1111 1
111111 111111 1111 1111, 11111111 111111, 11 11111111 1
1111111. 3. 44. 11 ct 111 nun 1111 11 111111. Μ. 1111. - “

a, manus 11111111 1111111 1111111 11111 11111 1111111. 1
. 307. ·

11111111, 11111 11111111 1111111111111111111
neh: 0111111 11 1111111111 01101110 ost 1111111111

11111111 111101. 1. 11 1111111101. 11. 111111, je Cre· ἢ
1111 1111111111111111 11111 11111111 111011101111111111· ³

11111, ’11111111111 11111111 111111, ’1111111 111111, 11111111,
11111111111, 11111111,1111111 11 Υ1111111111111111111, ¹
1111111111 11 1111111111111. 111111 11111111111111111 1

 

