451

1111111,11111111111. · .

11111111111, 1111151111 11111111111111)
uacuo Pananuqn: 11111111111.Ο..Ι11817.19.Μ. ⁴

111111111,11111Ῑ 1111111111 11111111 1111111111.
Μ. 131. 111111 11111111. Μ. 195. cano y 1111 1111111111.

1111111, 111111 111111.

111111111, ecclesia dem.: 1111111111111111111·
111. 01. 6. 11 11111 111111 111111111.Γ.Χ1Ι.295; ·

1111111111,11111 ecclesiae: 11 11111111 11111-
111111. Μ. 122. 11 111111111. Γ. XV. 286. 1 1111111111 111-
11111. Γ. XV. 390. 11 111111111.Μ. 111. 11 11111111. M.
197.196. · .

1111111,11111] 11111.

111111111, 111111111111111(11)1111 1111111111.
Μ. 10. 1111111 1111111(11). Μ. 27. 1111 1111111111 11111.
Μ. 61. 1111111 111111. M. 61. 111111 1111111111111 111·
111111. Μ. 62. 1111111 11111111. M. 62. 11111111111111·
11111. Μ. 62. 11 11 ’111 1111111111 11111111. M. 68.111
1111 11 111 1111111 1111111111111111 11111,11 11 11111
11111111. Μ, 665. 111111111111 1111111111. Μ.92. 1111111
111111111. Μ. 191. 111111 1111111. Μ. 191. 11111111 111·
11111111. Μ. 571.

11111, ecclesia, 11. 1111111, 1111111, 11111111,111·
1111 11111 11 11111 1111. Μ. 112 (1111 1111111111111
11).111111111111111.,11.98. 111 111111 111111.Γ.Χ1.
192. 11 11 1 111111111.Μ.69.111111111111.Μ.61.111·
111 111. Μ. 62. 11 1111111 11111 111111. Μ. 122.111111
111111. Γ.Χ111. 376. 111111 111111 1111111111. M. 1³3.
1111111111 111111.Μ.115. 11 111111111 111111 1111111
111111111. 3, 29. 111111111111111..1.61. 1111 1111111.
612611 11 1111111 1111111. Μ. 99. 1111 11111111. 191.
11111111 1 11111111111 1111111 1111111111. (11. 16. 11
11 111-111 1111111 1111111111 1111111. M. 145. 1111111
1111111. Μ. 132. 1111111111111111.3.29. 111111 111111.
1111111 111111 1111111111. 99. 111111. Γ. xl. 120. 111·
111 1111111111. Μ. 197. 111111 11111111111111 ⁶⁸ ¹⁰·

111

 

