102

111111, volvere: 11 111111 1111111111 1111. Μ.
26. 11111 11111 1111. Μ. 73.

1111111, 1253 11611111111 1111111111 11 neaera

nujeha 11111111. Μ. 10.
’ 111111, volvere: 1111111111 11 111111111111111.
01. 27. 111111 11111 1111. Μ. 131. 1ο je 1101111111
na 1111111111 npnjenuca.

1111111, 111111 je 1111111111Β1111ο y 0161111
11111111 11111, 1111 1111111 11111111111111. Π. 17.

11111111, 115 81111111 111 11111 11111111. Μ. 250.

11111111, 11111111 nme, 1111110 1111111111 1111 111-
11111 1111111011111, 1111111 611111. Μ. 250. 11. 511-
1111111111.

11111111, 1399 1111111111 1161111111 111111161·
111111. Μ. 111.

11111111, 1111 1111111111 1011111111 1626 111111
11111 6111111111 81111111 11 11111111. 11. 83.

111111, 1111 y Μ1111111118111111811111 1 11111
61111111 11111111. Μ. 551. 565. 556. 1111111 511 1111
8111111111111..1. 85.

111111, praecedere: 11 1111111 11 1111 1111111,11-
11111111 1111 1111111 1 11111111 11. 01. 11.

1111111111 1, ceno y 111111 11111111111111 110
Ρ11111111111. 0.]1. 1817. lv. 51.

1111111111, na 11111 XIV 1111118111111111·
111111 11611111111. Π. 6. 26.

111111, coquere: 11 1111111111111111111111111-
11111Μ. 570.

111111, praecedere: 111111111111 11111111111111.
01. 11. 1111 1111 1111111. 01. 9. “

11111111, custodire: 11 1111111111111111111111.
Μ. 36. 111111111 11 11 11111111. Μ. 17.

1111111, urbs: 11111 111111 1 111111 1111111111.
Μ. 139. 1111111 1111111111 11111, 111111 11 1111111.
3.19. camo y 111111111111111111, a 1 y 1011111111
je 611 cymae 1111111 1111111 npujeue.

 

