121

1111111111 11111. Μ. 17. 11111111 1111111111 11111111·
11111111. Μ. 517.

1111111, 1111 1111111111 11111111 1111 111111 11111.
Cre-van 1111111111111111 1111111 1111111 6111111 1111
011111.Μ. 13. - Γ11111 111111111, 1111111111.

11111111111, 11111 11Ρ1111111 1111111 111111111-
,11111111111111111 6111 11111 11111 0111111111. Γ. XV.
281. 1 1111 11 1511111 1111 1111111 111111 nebu 1111111
111111 111111 1111 111111 11111111 11111111111. 1117283.

111111111, 1111 11 0111111111 11111111111111·
11111111 1111111111 111111 111111 11 01111111 111111.
111111.

1111111, gloriosus: 111111111 111111111111111111-
111111. Μ. 35. 111111111111111 111 1111111111 11111111
11111111 111111111111111.Μ.158. 11 11111111 1111111111
1111111111.Μ. 150. 1111111111 111111111111111 111 1111·
11111. Μ.207. 11 1111111111 11111 111111. 1112119. 111111
1111111111 111111111111111. M. 129. 1 11111111 11111111
11111111 111111 11111. Μ. 188. 11111 1111111 11111111.θο
1111111111 111111 11111 anamma 1111111 111111
11111 1111111111183. 11 111111 11111 11111111111 111
11111111111.Μ. 18911111111 11111 1111111111 1111
1111111111. Μ. 235. 1 12111111 1111111111 11111 111.
1111111 111. Μ. 237. 11111111 11111 11111111111 111 1 11111
11111111. Μ. 282. 11111111 111111 1111111111 11111 111·
1111 1111111111. Μ. 235. 1111111111 1111111111 11111111111
11111. Μ. 210. 1111111111111111111111111111 1111111, 111
1111111 111111111111. Μ. 02. 1111111 1111111 1111111
1111111111 111111 1111111111. 83. 11111111111 11111·
1111 1111 11111111111111.1111111111111111111 111111·

111 11111 111111 11111111111111111139. 1111111 111·
1111111 1111111111 1111111111 1111111. Μ. 39. 111111 1111-
1111111111111 1111 11111111. Μ. 102. 1111111111111 11·
1111111 1111111111 11111 111111. M. 35. 1111111 1 111·
111111 1111111 111 1111111111. 15. 1111111111 11111111
11111111 11111111 1111111111111, 11 11 1111 11111111.

 

