111

1111111,1111111111111111111, 11111111). 1011 11 uo·
1111111, 11111111 1111111111 1111111 1010511111 y

11111011 0111111111. 6. 79.
1111111111, 1111111111 1151011111 1111111111·

111111 1127. M. 317. -Β11111111111611111111 1111111
1111111111 1112-1511. 119. 131. cf. 1111111111.

111111 uk 1, 1111111111 1111151111111ο11 1116111111,
111 111111 111111 111111111195.Μ.227.

1111, 1111111101 1111111111 1011 je 1111011-
11111110111111111 nunno 11111111 1101111111 5111111111
111111. 12. 1111111 je 1111111111 nne 11111.

11111, Sinai: ,1111111111 1 1111111152

111111111, 1111111Χ10111 10111 111110111111 -

111 1111111 111111110101111111111111 1111111111, 111111
1111111111. Γ. XV. 295. 296.

1111111111,111111ῑί11111 11111111 111111111111111.
1119. 1111111111 1111111111 (11.1111111111 611111-
111111 na (11111111 1111111111).11.159.’

1111111, sinuum 11111111 11111111121111. 111·
111111. ·

1111111, 1111110 1111111111 1111 111111111111111
111111 111111 1511. ,1. 83.

111111, 1111111111 111111 11111 111 1111111111
1111111111 1111111 111111 11. 11111 1595185.

111111, 1111 1111111011 nopy Sinope: 1111 11111
11111111 11 111111..)Ι.89.

111111111111, 1111111111 11Τ1111111111111ο 11·
1111111 111111111111. Γ. ΧΙ. 137. 111111111111. Γ. xm.
171. 11 111111111111.1“. Χ111.171.

11111111, ceno 111111 1111 61111111 'Ponam
01101111 110 1111011111 1111011 111111111111111111111
1111 11111111. Μ. 139. ,

11111111, oeno 1101111 1111 1111111111 guo 111-
1111111, finan 111110111111111 1111111111515. , ·

111111, σύνορον, fines: 1111111 11111111, 1111111
11111111. 1161. 111111 1111111. 1161. 11 1111111 11111·

 

