122

111111 1111110111 1169-66. Μ. 483.- 595. 11165 10111011
1111110111. Μ. 193. - 11111 1011101011 ’6111101111495
-9. Π. 67. 69. 97. - 'Ppu 1111111111110111 1011111
11111 1111110111 11 811101 1444. Λ. 78. 011111 11111611-
110111 01111 1111011111 1458. Λ. 79. omn 1111111111·
1101111 151611. 83.-Γ10111ε 6111110111, 6111101111,
1111111111, 1110111111, 1011101111, 101111111111, 1111-
1111, 1110111111, Υρ1111111.

111110111111, 1378 1111010111 1111160011010-
11 11111111 6111111 611110111111. Μ. 189. cs. 11111011111.

11111111, 1110 11111101 y 0100111001011111111·
111 6001101011 11111 6111111 1119. Μ. 281. 11121 y
1111111 6001101011 ’1111111 ’1111101111 Μ. 318.

, 1111010, 1326111111 61001111011101011101111
6111010. Μ. 85. - 11111011 ,1111 y 60111101 1010 10 11111»
01011110111011 110 1011111111 116111111111111
101101 6101110 110 8111010. Μ. 97. -Γ10111 1111001111.

11111, 11011111 11111 1010 11111 010111 Ilpno-
110111111110111111 1110 6101110110. Μ. 12. 1 110-
11111111111111111 1010 1111» Μ1111111 1110111111
111111010101 y 11111111 111110111111111 10 1111111111
10111 6101110 Ι1111,1111101101111. Μ. 691 1 110111111-
01111010 1011 upa-1· 11101 1110101111 11110110101
10111 6101110 61111. Μ. 561- 9011011111111111 1112
01011110 10111111 61111 10010101 1 1001111110 11111110.
,1. 77. 111011 11111 Μο111011 11 11110 111111011111611·
11 1462. 71. 89. 0111 110111οτ1 1011 61111 10010101 111
1110011. Λ. 82. cs. 1111011111.

1111110, 11111110 1110,· 01. 8111101 11111 1111160-
01101011001010 1399. Π. 26-901101 10011010 Baa-
1110 1419. ss. 145. - ι101101 1010010 Ρ1100111 [11-
11011111 [111110 1110111111 1421. ss. 156.-Ιὶ1016111-
10, 01111 11011010- 111101011 Μ11111111111101011Μ1ρ-
11, 7111111, Ρ1111011, Α11ρ110,. 6111111 1 Τ11110,
1452 11010111. Μ. 151-011 1011011611011111 6111-

10 1435-1476, 11111111011111001110 10111011 0101011

 

