461

1111111111 1464-76. Μ. 468. 664. 1166. 668. 11 11111 16111
1111111111. Μ. 669. 1
111111, januarius: 111111 1110111. .Μ. 496. 0110 11.
111111111, 10111110 1661 111111111111111111111111

11111 11 Ι1111111111111.11.86.

111111, 111111 quaedam: 111111 1111111111 1111111111
1111111111, 1111111111 11111111 11111111. Π. 6. 116.

11111111, 0110 101110 11110 1111101118111011- ³
1111. Γ. 11111871. ’

111111111, 111111 0011111 1111 11111111111161111 1
1011 je 111160011011 00101118991101161011111 ἶ
6111011 11 0110 11111111. Μ. 284. 111 1 0111611111
01011. 80111111. 11110. 87. ,

1111111, 111 11111110(110111611111 611 1116110 ’
1111111111111),11111111111111111, 6111111.

1111111111, 1110111111 61101116111 6001101011 1
1111111111111111 1861Μ.168.-“10111111011011011· ³
11111 111111 11111111111. 6. 76.

1111111, 0110 11011 je 1111111111οΡ111111111
1111111611. 1847. lv. 49. 11111 je 1110111110 1111111.
Μ. 197. 61111 0111111110 0111 ι1011111 (111 ι11111118)
611111 [11111111.

111111,11111111111111111116111111116741ἻΧ1149.

111111111, 11101110011101111111 11101111 1111111111.

11111111, 111 11111101 101111111111101111111
01111111111 11111 11111111011 mammam.

1101111111, 0110 1 111111 11161101011010111111
11111011 Μ11111111 110 01111111110111111 116101·
1111111 1111111111. M. 494. 111 1 01118011011111034.

1111111, 0110 1011 1111111111Μ111111 1111111111
1111111111 8111111. M. 266.

1101111111, 111111 1111111111.

11011, 0111 je 111111 1111011111110101111111·

:Q agina 11111 1111 1111111111111110111111111.

 

