608

228. 262. 11111111 6111111. Μ. 262. 264. 567. 611111111Π.

6. 44. 11 je y 11111111111467,1111 111 611111 1111111111
y 11111111. 61111111 111111111162. 72. 76. 61111111. Γ. xl.
113. cf. 11111111, 1611111111. ’

11111, 11111111,1)111111111 1111 1 11111111 1111·
11111111, 1111111 11 11111 1111111111 11. (11.4. 11111 11·
11111 111111, 1111111.Μ.17. 11111 1111111 11 11111.Μ.
68.111111111111111111.Μ.113.111111.Μ.191.1111.Μ.417.
1 1111111111 11, 1 1111 1111 1111111111 1111111 11 11-
111111 1111111111 111 11111 111111111111. 139. 11111111.
11. 16. 58. 1111 1111111 11111 1111111 1111111111, 11111

ny 111111 11111 1111111111 11 11111111. Λ. 116. 11 1111111 ι

1111 1111111111 11, 1111111111.1’.Χ.248.

11111111,1111111111111 61111161. 13. 116111111.
11169. 11111111,11 1111 6111111183.

11 1111111111, aegyptius: 11111 11111111111111111.
11181. 111111111111 11111111 112.

111111, ejus (nymnora 1111111111 11 111111111·
1111111 111111 111111111. (11.2. 111111 1111111112. 11111
11111. Ca. 12. 111111 111111. Ca. 13. 11111 1111101114.
11111. Ca. 11111. 11. y 111. 111111. 83. 1111 111 111111 11111
11. 11. 113. 11111111 1111111111. A. 144. 1111111 1111111. Μ.
18. 11 1111111 1111 11111111 11111111111111. Μ. 19. 11111111
1111111. Μ. 21. 11111 111111. Μ. 28. 1111 111111.Μ.32. 11
111111 111111. Μ. 15. 11 11111 11111. Μ. 36. 11111111 11-
11111. Μ. 14. 1111 11111111 11111. Μ.64. 111111.Γ.Χ1263.
111111 1111111.Μ.94. 11 11111111 1111111. M& 11111
upujeue 116111 y 1111111111 jom 1 (111 1 1111111111
11 11111 je 11111111), 1111111111 11111111 1611 1111111
1111111 11111111. Μ. 101. 1111 111111 11111111.Μ.101.11111
6111111111 1111111111 1111111111. Μ. 106. 111111 111111 111111
1111111. Μ. 112. 11 1111111 1111111 11 111111 1111111111111.
Μ. 116. 111111 1 1111111111 11111111. Μ. 143. 111111 11111. Γ.
1111281 1111 1111111 1111. 1133. 11 111111 111111. 3. 46.
111 11111 11111. 8. 50. 111111111 1111111110. 1111
11111. Μ.1145. vy 111111 1111111111 1111 611 11 111 cue

 

