108

Μ. 152. 111 111 11111111111111 11 11111 111 1111. Μ.
216. 1111111 11 1111111 1111111113. 11111111 111111 11111
1111111111. 1111. 111111 11111111 1111111. 113. 11 11 11-
111111 111 1111 11111111. 115. 11 1111111111111111111
11111111111 11111.Μ.2. 11 1111 11 111 11111111 111111.Μ.
62. 111 11 11111111 111111. Μ. 76. 11 111 111111 1111111 1111
1111. Μ. 126. 111 1111 111 11111 11 11111. Μ. 158. 111 11111
11111 11111111111111111111111 1111 1111111111 111111111-
11111111111111111111111111333. 1111 1111111111 1111· ¹
11111 11111111 11 1111. 3. 33. 1111 11 1111 11111111,11 .
1111111 1111113116. 111111 11111 1111111111 111 1111111 ’
11111. 3. 37. 1111111111, 111 11111 11 11111111 111111, 11 1
111 111111111111111111111, 111 111 11111 11111111 1111- 1
1111 1111111 111 11111111111111111,111111111111111111 Ῑ
1111111111. 1111111111111111111111111111111 111 11111111, 1
11 11111 4. 11111111. 3. 36. 111 1111111 11111 1 1111 11-
- 111111 1111111. M. 178. 11 11111111 1111 1111111111 1111111 1111 1
111111 11111 1 1111.Μ. 188. 11 11-11 11111 11111.Μ.217. ¹
111111111111111111 1111 1111111111 11 11 111111 111111 11
11111111 111111111111 1111111111 111 11 11111 1111 111111·
1111. Μ. 357. 111111 11111 11111. Μ. 181. 1111111 6111111 11
111111. 76. Ι1111111111 1111. Μ. 237. 111111. Μ. 323.
1111111111,11111161111111111 11111111 111111111-
1111 1111 6111111111161931111. 1. 26.
111111111111111,1.11111 61111111111111.
1111111111, sylvester: 1111111 111111 11111111
6111111111. Γ. Χ1. 161-111111111 1111111111111 15111
61111111111.Μ. 519. 11. 6111111111.
1111111111111111, 1111111111 1161111111 1111111-
111 61111111111111 1253 y 1111111111 111111. Μ. 16.
11111111, sylvanus: 1111111111, noia je 1111111
111111· 1111111 Μ111111111 11 ’11111111 6111111111 111111·
1111111111 6111111111. Λ. 61. 11111111 cy 11 1111 11 61·
11111111. Γ. xl. loz·
11111111111, y naneme 1111111611111111111
11 Μ111111111 1111111111ο11 11111111811111111 61111·

 

