76

11111111 1381. 11200. 1111111 11 111111111111111111

118111. 531. 11111111 1196. M. 611. 11111111. λ. m. uo·

11111111 he 6111 1111111111111111111111..1.61.11.111-

1111111111.

Α 11111,1111111111111111111, 111111 Spanum. 11.
1111111.

11111, 1111 11111111, 111111 1111.

11111111,111111 11111111.

111111111111,111111111111111111111111111111-
11111 11111 ’11111111 111111111111 1111-1111113311170.

1111111111, MichaMis: 11111111 1111111111,1. 1.
Maxuma ι1111111111116. 126.

11111111, Micha'el, 11. 11111111, 11111111, Mm-
111, 111111111111111111111 11111111. 01. 16. 11111111
11111111. Μ. 166. 11. 11111111111.-3111111 01111-
11 111111111111111 11111 111111 111 1111111111111-
11, 1111 1111111 111, 1111111 11111111, 11111111 111·
111111. 01. 24. — 31 11111111 11. 0111 11111111, 111111-
1111 111111111. ,1. 77.-- [hp 61111111 11111111 Acen,
111111 11111-111111161111111 1111111 11631 mm
1111111111. Μ. 11. *1111) 11111 Maxumo 1111111111 1261.
M. 48. - 011 napa 111111111111111111362116671.
79. -1111 61111111 11111111 Mutuum, 111111 1111161
1330 y 60jy 11 0161111. Μ. 160.. Γ. xl. 71. λ. 63. 61. ⁷1.
- Β111111 111111 11111111 1311411111.- 111111·
111111 111111111111 ono 1166. 11. 6. 28. Rom-limat
1111111111 5111111111111111 11 11111111 11111111.
1. 21. - 111111 111111111, amomum, 1111111111,
11111111, 1111111111, 1111111111, 11111111111, 1111111,
6111111111, 61111111111, 1111111111.

11111 11111, (1111. 11111111 ono 13361111 111111111 11
11111111. Γ. XI. 135.

1111111111, 111111 1111111111.

1111111, MichaM: 11111 111111 1111 11 111111011-
111111111111111 ,1111111111 611111 11 1111111 1111111,
1111 11 6111111111111111111111111111111.1. 1111·

 

