140

1111111111111, militare: 11 1111 111111111111
11 1111111. Λ. 62.

11111111111, militaris: 1111111111 1111 11111111-
1111111216.

11111111, 11111 1111111 1111 1111111111111 Ρ1-
11111111 61111 je 1111 1111111. Μ. 197. jom je 111111
1111 1111111111 y sseny 1111 11111 111 9111111111. C.
11. 1817. lv. 52. 1111111 11111111. (1.1. 1817. lv. 53.

11111111, 111111111111 1111111101111111111·
11111111 1111111111 1111111 6111111 nne 11111111. Μ. 13.

1111, 111111 11111111, 11111111111111111 111 111
11111111 1111. Μ. 117. vaje 11111 1111111111 311111,
jep ce 1111111 1111111011111111. 1111111 1111. 1111.

1111111,111111 1111111111. ⁴ ’

111111111, 1332 011111161116111111111 111-
1111111 01111111 1111111111. Μ. 1014111111 611111111-
11 0111111 011111111 Τ11111 ’1111111111 111111-
111 1111111 111 1111111 10111 1111111111 11111111
1111 1419-21. Μ. 283. 305. 318. 11 1116111 11111111
11111111Χ11111, 111 11111Β1111111, 1111111 ce 11611
1111111111 1111111 11111111, 1111 11111- Β111111 111-
1111 1111111111 111111111111111611111111101111111
'romaum 1451. Μ. [150.

1111111111, 1240 1111111111 11111111 6111611111·
11111 Μ11111 1111111111, 1111111111 1111111111. Μ. 29.

11111111111, 1332 1111111111 6111 6111111111

’ 0111111111 11111111 11111111111.Μ.108.

111111, exereitus: 11111111111111111 111 11111111
1111111 111111 11111, 11 1111 1111111111 1111111111.Μ.46.
111 1111 11111 11111 1111111 111111 111111111111. Μ.
09. 111111, 1111 11111 111 111111 1111111111 111111111-
1111 11111,1111111 11 1111 1111111111 11111 11111111
1111111101 1111111111. Μ. [161. 11111111111111111111111
11111111 11111111111 111 1111111111 1111111.Μ.212-1111-
litia: 11 1111111111 11 11111 111 1111111111 111111, 11 1111·
11111 11 111111. Μ. 19. 111111 1(1111) 111111111111·

 

