42⁵

11111111, inspicere: 11111111 111111 11111111. Μ.
103. 11111111 11 111. Μ. 110. 11111111111111 1111111Μ.
m. 111111. Μ. 318.

1111111111, advocare: 1111111111 1111111111111.
015. 111111111111111. Μ. 9. 11111111 111111 1111111111.
Μ. 111). 1111111 11 11 1111111 11 11111 1111111, 111111
1111111 111111 111111. 818.

1111111111,111111 11111111.

1111111111, 111111 11111111.

1111111, 111111 je 11111111111 y (111111 [opu
111111 11111111 11 11111111 1 11 1111111Μ. 111,

111111, venire, 11. 1111111 1111111111111111.(11.1.
111111111 1111111111.(11.1. 1111111 1 1111111. (11. 3. 11
11111111 1111111111. Μ. 3. 11 11111111 1111111111 1111·
11. Μ. 9. 1111111 1 1111111.Μ.31.31.111 11111 1 111·
1111.Μ.16. 11111 1111. A. 78. 11111111. Μ. 221. 1111111.
Μ. 273. 11111. Μ. 381.

111111111, ostendere: 111111111111 1111111 1111-
111111 1111111 1111111111. Μ. 1111. 111 11111111) 111111
11111111 1111111. 1123. ·

11111111111,111111111111 1111111111 11. sto· 83.
1111111111111 11. ,11. 215

11111111, annexum: 111 111111 1111111 11111 1111111
11111 11111111. Π. 135.

1111111111, addere: 11 11 1111111111 1111111.Μ.19.

1111111111, idoneus: 111111 1111111111. 166. 111·
1111 111111 1 1111111111111111111111111111111.Μ.261.
11111 11 11111, 11 1111111111 1111111111.Γ.Χ1.187.

1111111111, inclinare: 111111111111111 11111111-
111 111111 1111111111111111 1111. (11. 21.

1111111111 11,11111111111111 1111 1111 1111111
1111111 1111111111.11.17.

111111111111, 11111111 ,11111 1111111111 (111111
1111 1111111 111111111111 y 1111111111 11111 6111111
11111 1111111111111. Γ. XV. 309.

11111111 111 11 ,11111111111 11111111111111111111

 

