617

’111110111111111161111 3¹ 1111111 611111111 111111.
11. 1111 1111111 ee 1101111111 1166. M. 166.

1111111111, 1111111111 1111161111110111111
6111011 611111111 1366. 11. 6. 36.

1111111111, 1111111 0111111111 y 611101 10111
6111111111 1617. Μ. 117. 6111111111. M. 131.

111111, Helena, 11. 161111, 1611, 1611111 111111 1111111
³¹ 1101111 11 161111. M. 16. 67. 66. 76 (y 111 1110111111).
161111. M. 66. 61111. M. 66. 161. Γ. 1161661166. 66. 11111-
111111011 11111111 ,1110111111111111111 61111 11111 111111
1111111111. -· 111111 napa 6111111111 11111111 1111-
111111 1111 6111111111. 131. 136. 113. 1666116266. 111-
11111. M. 166. 6111111. Γ. 11111-11111 6111 11010-
11111 apua 6011101011 ’6111111111 61111 1376. M. 166.
1111110111 110111111111111011111111 1361. Γ. xum.
1611111111.- 1111111 apua 601111111111611111161111
1166-7. Μ. 161. 11. 1. 61111. 1161611636. 611111. M.
Ι 616. 1111111 ce 1101111111 1116 61111. 111161. - 1111111111-
11111Χ11111111161 111611111116011111111111111111
011111 Ι61111.11.176.177. 161111. 11. 176. 1111111 1123.
11. 171. m. 111 011011 1111111111111 111111111111111111
olim uxorem Crevoje, 11110 divortio cum uxore 11111111.
11. XVM. 6111 lo 1111111 6111 1111111111 1111111 1111111-
1101111 0111111011 donavit 101111 (11 61111111 111111
1οο castrum 1111111111. Π. 11611. -111111 napa 11111111,
111011 1011011 (31111111 161111 1667-1116 11111101 1111111

161111, 61111, 1611111, 611111111110 u 1611, 6111.
11. 16 (y 111 1110111111). 13. 22. 1616. 666366. 163.

161. 6116616. 686. 367. 161. 115. 166. 11. 666. 1673. 76. 67.
611. 1⁰2. 103. 161. 121. 161. 11111111 11 61111 11Έ1111111 0111-
11111110111111 5111111111. 11. 6111141111 011 11-

11111, 11111 11111 111 Eamne, 111111 11111111 (1111111111

61111, 611111, 61111, 61111, 6111 1116-61. 61366. 1111.
116116117616. Π. 6. 121. 122. 111- 111111 11111011

(11111111 1111011011 61111. 11. 73. nnmy 11 1 161111, 1011
auu. -· 111111 11111011 ’1111111 161111 11661161.- 111111

 

