216

10101111111, 1161010011111111 10101111111 1289
1100111111 1111011 0111101011. Μ. 55. 01. 1110111111.

111101111,11111.1111111011111 111011111387-8. Μ.
207. 11. 6. 31. 410101 1111110111.

1111111111, 1417 11610111111 1111111111 101111·
11111. Μ. 137. -·

1111111111,14051111111 1111111111 11111 xpm
6001101011 Τ111111 Τ111110111110. Μ.257. 1141910110-
ma 6001101010 0101010 10111111. Μ. 294.-

1111111, 0011 10 1111111011 11111111101111 1111111·
11 1111. Μ. 199. · ,

1111111111, 11101011111600010111 11101 11111111 11111-
11111 1432. Μ. 367.

1111111, 11110 11111110,110101 11111111.

1111111111, 11011 0011111 1ο1110 1379111110
1611111111 101011111111011 0 1111111011 111110101011 611-
10 10 0010 1111111111. Μ. 191.

1111 11111, 001110 (31011111111 1111111 11011 go 1111-
11, 1111 11010 1111 1111111 611111. Μ. 123.

1110111111,1463011111 01 16110111 1111 Cema
1111111011 1110111111. A. 81. 01. 61111011.

1111111, 0010 y 10101101 1111111 111110 10 upa-⁴» (310-
11111 1111011101101111011111111. Μ. 12.

1011110111, 01001111 11111111 11110 111110 000-
1011 Ηο110110 100 Χ11111111 101011 10 610 1 111110·
11. Μ. 6.

11111,.111111110 1-Χο1110101111111 1111111110 0110111
11 1111111 16861187. .

111111, rama, triremis: 11 11111111 1011111. a. 181.
1111111 1111110111 1 61111 1111111. 38. 110111 11 111111 1111·
11101 1111101111 1 1111110 1 111101111011111.11.·113.

1111111111, y 11011011 0010 1010 10 1101611111)
110 11111111 60101ο111111111 1111111101γό111111101011011.
Μ. 194. 11010111 1111111111, 111 y upnjenucy οο111 je
1110010 0111111011 n 11 101010 10 upum -nyw manna.
1ο 010111 1111111111. ,

 

