11

1111111, uena 11111111 ι1111111111 o 1111111
1111911111 ,1161111111 n. 1. 118.

11111- 11111111111-

1111111, 111111 noem, 1111111111. 1111111,
1111111111 11111 11111111. 408. 11. 6. 97. 99.

11111111111111, antiochensis: 11111111111111 11-
1111111111.Ι ,1. 191. ,

1111111111, Antiochia: 111111 11 1111111111. ,1191

11111111,111111111 11111111111111.11. 191. -
0111191-1111111 11111111111 11111111111. Μ. 60.
-0101336-1347 11111111111111 ono 11111111-
11111111 1111111111111, n 111111 11111 0111111
1111111111. Μ. 122.

111111, cre, 1111111111111111111111 1111111111.
19. 1111111111. Μ. 287. - 111111 1111111, 1111111111,
111111111, 11111111, 1111111111, 1111111111, 1111111111,
11111111, 11111111111, 111111111111, 1111111. 11. 1111111,
11111111111. ’

1111111, Andrean, 111111 1111111.

11111111, 111111 1111111 11111111111111111.
11. 19. cano ny.

1111111111, 1115 1111111111 1161111111 11111
111111111. 11. 131.

11111111, 1111111111ιί 1111111.

1111111111, 111111 1111111111.

1111111, Andrean, 11. 11111111 naneby 11111
1111 ie 11110111111111111111111 111 1111111111111
111111 nne 1111111. Μ. 13.-01. 1111111 11111111.
1111111111. Μ. 35. -· Bpan nojnone xynonoro 1111-
111111 1111111 1158. Μ. 1811. - Γ11111 11111111, 11111111.

111111111111, Andronici: 1111 111111 11111111
:oie je 11111 11111111 111111 111111 apxanbenonoj 1
11111111111111111 je 1111111111611111111111, 111111-
111111 1111. Μ. 62

1111111111, Andronicus, 1111 111111 11111111111
11111111 111 11111111, :nennio 11111 11111111111111

 

