40³

1111111, 11111, honorare: 1111111111 11111111 11·
11111.(11;1.111111111 1111111 11111111 1111111. 013. 11111
1111111Χ 1111111 1111111. Μ. 3. 1111111111 1111111111 1111
11111111. Α. 186. 11111 111 11111111. A. 207. 111111 111
1111111111 1111111 11111215. 11111111 11111111 11111. M.
11111111111111111111111111..1.51.111111111111111111111
111111111115711111111111 1111111 1111 11111111. Γ.
1111359. 11111111- 111111111111 1111111111111111111111111·
1111. Μ. 197. 11111111111111111111 1111111111 1111111, 111-
1111. Μ. 512. 111111 11111111111111111.1111111111. 1111111
111 11 y 111111111111111111 y 1111111111 1111111111111111·
1ο 1111111111 11111111 1111111 11111 11 je 11111 1111111111
111111 111111 11111111 name: 11111111 1 1111111111
11111 1111111111. Μ. 157. 11111111 1111111. Μ. 157. 11·
11111111, 111 1111 1111111 11111111111111111.Μ.217.
111111111 11111 11111111. Μ. 230. 111111111 111111. 111291.
11111111 11111111 111 1111111117.1111111111111111111.
1 1111. 1111 1111111 1111111111. 11. 11. 11111111111111. M.
329. 111 111111 1111111111 11111111. Μ. 337. 11111111 1111-
111111111111111 1111111 11111111. Μ. 375. 111111111
1111111111 1111111111 11111111 11111111. Μ. 111. 11111·
¹ 1111111111111111111.Μ.111.11111 11 11111111 1115111.
1111111 11 11111111 Μ.515. 1111111 11111111 111 1111111·
1111111. Mam. 11111 1111 11111111 111111111111111111,
m. 111111111 1111111111111111111 111111.Μ.260. 111·
1111111 1111 11111111 11111111 1111111111 1111. Μ. 183.
111111 11111111 111111 1111111111.11.31.1111111111 11·
, 11111111 11111111 1111111111. Π. 21. 1111111111 11111.
Μ. 115. 11111511111111 11 11 1111111 1111111 1111111 111
111111111111111111111.Μ.171. 11 1111 11111 11 11111·
111111111. Μ. 239. 11111111 1111111111 1111111111 11111-
1111111 11 111 emp 111111 ce nouaayie 111 11111 naj-
111111 1111111, na 11111111 1111111111 1111111111 11. 1111111·
111111 1111111111111 1111 1111111111. M. 221. 1111111
1 1111.Μ.110. 111111 1111111111 11111 1111111111.. Μ.516.

5³5. 1111 11 11111 1 11111 11111111.Μ.535. 11111111
11

 

