110

1111111 111111111 01111111 1 111111 1111111111. l'. x1. 1
189. 1111111 61111111 1111111. Μ. 19. 50. 72. 71. 78. 110. ’
121. Λ. 5160. 08. 01111111 11111111. Μ. 89. 133. 131203.
111111111111 111111 01111111 0111111 11111111. Μ. 110Ι
11 1111 111111 1111111111 11111111111111111111110111.
M. 331. 1111111111111111 11111 1111111111 111111 0111-
111111 11 1111111 0111111. Γ. XV. 305. -- Β11111111
111111116111 6111111111 Mansio 11111111111111-
111, 6111 111111111111111 1210. Μ.28. -11111111111-
11111111 01111111 1111111 111 111111. 80. -1111111
111111111111. 1111111111 11 11111111 111 13171.
1111111-111 11111 0111111 11111111111 11111·
11111 01111111, 1111 11 1111111111 111111 11 111111111·
1111 1111111111, u 11111 111111 111111 111111111153.
71. cf. 81111111- 111111 1111111 011111110111111111.
Μ. 131. y 1111 1111111111111. Γ. XV. 278. 279. 301- ¹
1111111111111111011111110111111111111111111111.Μ.127. ’

11111111, 111, 81111111111111 je 111111111111 ¹
1111111 111111 11 1111111111 11111.Γ. 1117181288.

1111111111,11ὕο1111 11 11111111 111111111111
caneva 1111 11111111 111 11111 111111 6111 ⁶0-
11111111). 11. 6. 22.

1111111111, 11111 111111 Μ11111111 01111111111·
111111111111111, 1111 11111 1111111111111111111111111.
611. mmsis.

1111111111, 1111111111 111111 1111111111, 1. j. 01·
neyna 1111111111 111111 1111111111. Μ. 6.

1111111, Simon: 1111 011111 111111111111111-
111111111111 11 1111111 1111111 6111111 11111111.
101. 6111111. Μ. 20. 72. 78. 011111..1.00.70.1111 111111
Y pom 1: 0111111111110111111111111, 0111111 1111111.
Μ. 71. 78. -11111111 1111111111 1111111 1111111111

6111111 111 1103. M. 568. Γ. xl. 111. - 16111111111 11-
1111 11111 01111111 (1111 611 111111111111111111111
1111111 u 111111 111170 Μ. 511. - 111111 1111111111.

1111111, Symeon 111.,111111 1111111, 111111111,

 

