370

1111111 0111111. 51. 1111111 11111011111 1111111. M.
71. 1111111111 1 cauo 0111111,1111 111111 1111111111
11 1111111111011111.1.60. 11111111111111111 ce 11111
oe 0111111, 1111111111. ·- 0111 seron ’1111111111 uo·
11111111 11111 111111 11 11111111 011111,1111111·11-
1111111111 11111111, 111111 01111111 1 1111111111
1111 0111111, 1111 1111111 11111111 1 cauo 011111,
111ο cy 11 1 1111111 1111111. Μ. 51160. Γ. ΧΙ. 191. 111-
1111 11111 011111. 1. 112. 1111111 011111. a. 52. 111111·
11111 111110111111111111111101. 1111111111 111111·
1111 0111111 11111 1 1111111111 01111111111. 1. 00.
111111 111 1111111111 ,1.011111. 1. 70. 11111 0111111
1111111111 111111111. 70. 0111111 111111 0111111. 1.
70. rex Vros 11111ῑὶ1111. 85. -0111 1111111 Mamaea
111 111111 0111111, 11111111111111111111111 (111111
0111111), 1111111111 11111 naono 11 0111111011111,
1111111111111111111 111111, 1111111 01111111 11111-
111 11 1 cano 111111 1111111,11111111;111111
cyra 11111111 111111 1111111 011111 1111111111 1111111
1111111111 011111 11111 111111 1111111 .1. (1310). Μ.
115. 11111 011111 11111111. Μ. 111. 121. 1111111 011111.
M 113-111111111 111111111111 nuo 11111111 13111111
1111111111ο111113531 0111111 111111 11111 111111 111·
1111111111. 1111 11 111111111111 nnje 611 111111
nero 111111 11111 1111111111 11111111110 11111 111-
11111 11111 011111 nn 1111111111 11 1111111111 1111
he 111 1111111111 51111 1111111111, 1111 ie 1111111-
mna 11111 y 11111111 11111 611 5111 11 11111 ,1111111-
1111 11111111, 11111 1111 1111111 1111111111 11111,
111 1111 111111111111111111111 lom 11111 1111111
1111111 1111111 1110111111. -011 111111 0111111
011111, 111111 je 11111 1111111 1111111111111111 11
11111 111111 11111, 11. 1111111111111 11 11111111111
11111 1111111111, 1 11111111 1111111111111111111111111·
11111111 111111 111111 11111. Γ. xm. 370. 11111 511111.
Μ. 133. 138. 111. 113. m. Γ. XV. m no 111111 0111111

 

