⁷⁵

1111111111. 11. 18. -1 1111111 1111111111 ie 1111 1111

11111 11111 11111111111111111 1111110111 une.

11 11100.- 111111 0111 111 1 111111 y Gymfflu,

noiera je 1111 1111111 1111111111. Μ. 003. 1111·

im, 1111111111 1111111111 11111111111. Μ. 101. ... ’
apua 1111111111 111111111111111111 1370. Μ. 181. --

rami 11111111, 11111.

111111111111, 1310 111111 1111111111 ,111111
Ιὴ11111111111111111 11 111111 11 1111111 011111 no·
1111111 11 111111 111111 11111111. Μ. 97.

11111111111111111,11111111111111111111 11111-
111111111 1111111111111111.,1. 110. .

11111111111111, tratri· 1111111111111111111111111
1111111111. a 107.

quomam, tratrioida: 11 111111111111111111
1111111111111. Μ. 100. ¹

1111111111, 111 111111 11111111111111111011-
111 1111111111111 111 1111111 11111111. Μ. 11

111111111, m* 11111111 11111111111111111,11.
m 11111 11 1101111111 11111111

1111111, 1111 :oie je 111111111111111111
cn joj 1111 11111111 11111111 1111111111 011111-
1111 111111. Μ. 68.--1111 110111111111 1100, 1111
111 11 je 011 0111 51111111 111111111111. 11. 79.

1111111111, 1Μ711011111111 11111111 111111·
1111. 11. m ·

1111111111, frater 1111111111 11111 11111 111111
111111 11 111 1111111111 11. Μ. 20. 11111111111111·
111111 111111 1111111 1111111. Μ. 111. 111. 111 11 1111-
1111111 1111111 111111 11111111 1111111111. 3. 13.

11111, frater: 11111111 (woman) 11111 1111111
11 nunctum Μ 10. 111 1111 1111 11111111111
111111111111 111111111 1 11111111 11 (nume 1111
11111111) 1111 1111111111, 1111 1111111111, n 11 111-
imum 11111 111, 11111 11111111111 un, 1111 11111·
11111, 1111 11111111 1170. 11111 0111111111 1111-

 

