60

111111511,111151511, 115151511, 115151511, 1151115111,
11511151111111111111 55 1 1111515 1151511 115111111. Μ.
521. -1151 11151111 115151511 1170-2. M. 511. 511. 515.
-- ι15111511 11511515 11111 1511 1170. Μ. 512.

15151511,115151115151111; qap 11151111 115111511
51111 Μ11111 ll. M. 362.

1151551,151111111111515 1111 511 111511 1511151
5151111. Π. 6. 102.

15151511, 1151151 1151515111 115151511. M. 301.

1511151151 1, 151Μ51115115 5111 1111511511. A. 88.

15111511, 1151111 1151515115 qap 1115111 11511511
1171. M. 515. 11511511, 51111 151111511 (Μ111115 11· 11
1511115111Μ11515111)..1.88. 111111 1111 Μ511511 111·
1111111 1155. A. 78. 79. 1111 11511511 1111111 1159. A. 80.
81. Μ111511 51111 1111151511, 511111551618.1.88.151-
151111 Μ511511 11 1511 1672118511- 1151151 111 11111-
1151111 1537. Μ. 553. 551. 555.

1511151511, 1551151111111 1115 1511151515860.
M. 175.

1511151111151111151515115 1111 111111511 860. Μ.
176. 5111111 11151115111 1153. M. 160. 1111 115115111111-
1111 111111 11515 111115 115511. 78. 51111 1111 11111111
1181. A. 82. 11511511 51111. 1181. 5111 11511511 1511 1111-
11 15515151 11 11155111513182. 1151151111111111111-
1111 1536. Μ. 553,

15111 11111, 5511 15 0511 11115115 111111151515
y 111151511111115 151511 11511 111111. Γ. XV. 280.

151111, 111111 15 numa 11515 51 Μ511151.Μ.91.

151111,1Τγρ5111111111; 5115111 151111 1111151151.
,11111111 51 15151151 1 51111115 111511. 1. 82.

1511151111,151515551111511111151155151151-
ne 11115 11 1111115 011151 511151 1111155. Γ. 11111371.
1151115 111151. Γ. 11111. ,

151111115115, (1115515 5111111511 15111151151511-
gisterium: 151115 5 1115111111 11111511 1511115111 (un-

51151515). Μ. 253.

 

