496

y 1111133133 y 613333333333 113133313313331). (111847.
lv. 53. 111. 191.

3131 ιιι 3 ιι 3 1 3, 3333 3313 13 313311331133331133 cn.
1133333 3133333333. Μ. 26. 6333 13 633311 syranae,
3 33133 3113 3311333333 31 11313 31 11333.

31313333, 3333 331313 3133. Μ331ιτ33 1133 Χιι-
33311311.111.58.138. last-nom, 33 333 je, ιιι 11131-
3333 3333, 33333 3333311311 313333 cn. 1133333111113-
apeuy. Γ. XV. 271.

313133333333,333333333 33333333 331313 31333.
0333331133333333331133333333 3333313 noba 313
13333 3313333 31 313133313333 1333. Μ. 96. 3 3331513-
1113113333 31333311333331 11133133161333 meba 331
13331· 313133333331. Γ. 1111282. cs. 1113133333..

3131 ιιι 3 ιι ι ι1 ι, 313333 3313 13 6333 633311 1133333,
1331353333331 33333 3311313 3313 333 3333 11131-
33111333.33131331333331 333 331133 33 33333
3333333131133333 Π331ι31ι33333 333 ny 633 3333333.
Μ. 92.-111)133 13 1113133333 633 633311111333333,
131) 13 333333 3333333313 Γ133333ι13,1“1)33333ι13 ιι
033333 3 033311, numa 3313 31 1113133313, 3 11131·
33313 3333 33 333333, 31333 31 1131333313, 3 3 1111133
cy 33333 333333313 1133333313 33 (2313333333, 6331-
33333333 3 13333333 3 33 11333133... 33333 uem 113-
33333. 3 33331113133333 3 33 113133331311. 561564.-
03333313113313133313, ιι 333310163133333333333313-
13333331333333311133ι33ι13.Μ.207.33181133333 333333
113 33 333333 1331333333 3133333333. (3131) 113331) 133333-
33) 3313 1113333313 3 (33313333 0333331 1113333333 33-
33333133ι1ιιι333ι.0..1.1811711155. 3 61333331311313.
Π. 614. 1313 1131313 1413 13133 1333333 6331333 ιιι 1113·
33313, 3 133333 111313333ι13..1. 75. 333111313333333.
76. 33333333 31313 11333 33113333 3313 1131333133
1137. Λ. 77. 31 111313333131. 71. 78. - Ceno y Heny 3313
13 331) 113331) 1133 13333333, 63331333 1111333 3
1633333333, 3313 33113. (131. 1817. 11352.- 113311 3313

 

