123

1111. Μ. 3811116131. (mie 1111111111 11011 111111)’
1811995111. 503. 511111. (1111 11111 1111110) 516.
51111. 6. 92. 121. 124. 129. 111-111111 111101111,
111111111, 1111111, 1111111111, 111111111111, 111-
11111, 11111111, 6111111111, 6111101111, 1111111111, 11·
1111111,11111111111,1’1111111111, 1911111111. ,

11111111111, 11. 1111101111, 1111111111 1111111
6111111111 ,11161111 1111 1111111111111111111392.
Μ. 222.11111111111.-1Β11111.111 111111 6011111111
1111111011011111 1111 111111 1111111111 1111-16.
Μ.111.111.-11111111111111111111 011 11111, 11111·
11111111 11111111 1111111111 lim-46. Μ. 128. 110.
-111111111 11111111 6111111111 u 111116111111111
61111111Το111111111111, 1111011 11111111 11111111111
1111411. Μ. 168. ί188. 11. 11111111-1011011 111111
11111111 1111111111 1188. Μ. 538.--Βοὶ1111 1111111 1
11111 1111111111 1188. Μ. 588. 11111111 11111111
611111 1111111111 111111111ς 11111 111 6111111111
1111111111 01111 1111111, a 1111111 1111111 1111111)1
611 1111111111, 111 11 111111 1 111111.

111111011, τοῦ 11111101 11011111011.Π.126.1.1.
1111111111 11111111 (11111111.

1111111, 1 11111111 Μ1111111 11111 1111)1 11111111,
11111111 1 1111111111. Μ. 511.

111111, partic. praes. 111, 1111 61 1111111111
6111111111, 111 ra 1111, regnans: 11111111111111110
1111111111 6111111161. 13111111 1111111, 1 11111111
1111111111. Μ. 562. 111 11111111111111 111 1111111·
1011111. Μ. 68-111101, 11. 1111111111 11 1111111111
1111111111 11 111 111 11111 1111111111 111111 11111111
11. Μ. 195. 11 1111111 11 1111111111 11111111111111
111111111111 1111111111111111 11 1111111 1111111·
111111 11 111 ,11110 1111 1111111111, 11 1111111 11111111
11111111 11111110. Μ. 157. 192. y 111-111111 j01u Μ.
1381115153. 1110 1 aa 11111111111011111111 11611-
111111 1111111111 1111111111111111111111 1111111111

 

