131

1111111111, molimen: 1111111111 11111111111107.
11 11111111 1111111 1111111111 1111 1111111111. Μ. 333.

11111111, inciperet 1111111111 1111 111111. Μ. 38.
1111111111 u 1111111 11111111 A. 58.

11111111, 1111111 1111111111111111111111118.11·
1111 111111. 11. 87. reficere: 111111-11111 11111111, 11-
1111111 1 1111111Μ. 281297. 1111111111 11111111 11111
111111 11111 11111111. Μ. 516. 11 11 11 1111111111111
11 11111111111111 111111191. exornare: 111111 11111
1111111111, 1111111111 11111111.Μ.198. 11111 11111 11-
1111111 11111 111111. M. 198. 11111 1111111111 11111111
111111111Μ.-198. 111 111111111111111111111111111101.

111111,111(1111 11111111 11111111 1 1111111111·-
1111111. M. 188. 11 1111111111 111111 1111111111. 231.
11 11 11111 11111111 111111111111111111111111111111
M 189. 11 11 111111111111111111111111111111 111111
11116. 1111111111 1111111111. 118. 111 11 1111111111
1111111111 1111111 11111.Μ.,150. 11111111 1 111111,
1111111 11 1111111111111 1111111159. 1111111111
11111 1111 11111111 1 1111111111 1111111111 Μ. 162. 111·
11111111, 111111 1111 11111111 1111111111 1111111111.
111. 11111 111111, 11 11 111 1111111131. 111 11111111
11111 111111 11 11 1111 11 111111. [1. 89. 1111111111
111111 11111111 1 1111111 11111111 11111 1111111116. 111
111111 1 11111 1111 1 111111111111111111.11. 53. 1111
11111111111111111 1111 1111111111 1 111111.11.110.11
1111111 111111 11111. 1111111111 11 11111 111111

11111111, exornare: 111111 1111111111, 1111111111.

1111111111, conscribere: 1111111111 1111111111.

1111, noster: 1111111111 1111111113. 1111111111 1
1111 11111111. M. 21. norpjemna je 1111111111 11111 11111.
11311111.

111111, 1111111111. aet. 11, 1111111111111111
1

 

