191

11111111 11 y 11111111111111111111111111 1111111111 11111111
Β1111111ο11111.11. 118.119.120.121. 1111111111 1111 nyma
11111111111111111111111111111 11111111111111111111111.

11111, 1111, Stephanus: 11111, 1111111, 1111111.
11. 116. 11. 1. 18. 21. 111111 111111111111, 11111111111.

1111111,-811111111111,1.11111 111111111111. ¹

1111111111, 1111111111 xpm 611111111111-
1111111 111111 1111111 1111111111 {tm-6. Μ. ¹128. 110.

1111111, Stephanus, muuy 1 111111 1 11111111
11111111, 111111 1111111,11111111111, 11111111111, 111·
11111111111, 11111111111,111111111,111111111111,9111·
111111, 1111111111, 1111111111, 1111111111. 11111 11
1161111111111111111 11111111 611 1111111111 1111
11 111111 11 11 6111 1111111111111111111111, 1 11 he
611111 1111111111. 11. 6. 81.

11111111111,111111.1111111111111111111111111111
11111111 111111 1111111111 1219. Μ. 31. ·- 1111111111 11·
111111 1111111111 11111111, 1111111111 11111111111111
11 1111111111111111, 1111111 611111 61111, 1111111111 111
111111] 11 111111111111 1111111111 111111111111,1111111
11 1111111111 11111 1119-33,111111 1119-38, 111111 1119
-51.Μ.291.311357.160.115. 371.183.395.118.Π.6.86.89.

1111111111, 1111 11111111 11111111 11111111 (1.1. ,
01111111 namma). Π. 128.130.

11111111,81111111111,111111 1111111111, 91111111.
wo 11111 1111111 11 11111111.

1111111, 8111111111,1.11111 111111111111.

1111111, 111111 1111111.

111, 111111 11.

11111111, y 111111 apparitor: 1111111 1111111111.
11. 132. 111 1111111 111111. 11110. 11 1111111111111. 1
111523. utu 1111111521. contulum.

1111111, sabbatum: 11 111 11111111 11 1111111 111·
1111111 111111. ,11. 193. 1111111 1111111111111111 1 11·
11111. Γ. XV. 306. 1 111111. 111. 111. 11 11 111111 111111
11111111 11111111. 111. 511.

 

