m

1111111111, 11111111111 11111111 11111111111111111.-
1111 1111 111111111387.11.6.29.-1111.1160111110·
11111111Τ1111011111 111111 1433. Μ. 376. -11111 111·
111 0111 1011011 1111111111 ,11111111114461111-
11111111 11111111 01111111 1111111 1566. Μ. 556. 657.-
1111111 1111101111 1111101111 101 nauem 1111111
1561111111. 601. 321-111111111110111011.1“.Χ1. 1611.
-111111 61111111111, 111111111, 1111111, 11111111,
111111111111,11111111111, 11111111, 11111111, 11111·
11111111, 1111111111111111, 1111101111, 11111111, 11-
11111111, 61111111, 6111111111, 111111111, 11111111111,
1111111111, 1111111111, 1611111111.

11111111,1101111111111111111 1111111111 010 1389
-1405, 11264.

111111, m 1111110, 11111.1’11111,111111 11111-
1111111, 111111111111.

111111111, uuo 1111110, 111111 11111111.

1111111111, 0111111 0111011111, 1106101011111-
11, 110110611111111, Μο1γιιιιι ιι 11111101 1111111110
ux je 1111» 01101111111011 110 Χ1111ιι1111 111111
1111111111 11111111111 11·1111-11111.Μ.67. 1 1111-

1111111 je 1 1111111111 11111 11111111 1111110111. Γ.
mma.

11111111, casus: 11111111111111111111111 1 11111-
11111 11 1111111911.

111111,11110111 1111111011111 11 1111111 1111111.
,1111111111111111 1111111111 11111111 1111 ce 11 110·
11111,1111 11111111 111οη162.

11111111, casus: 11111111 1111111162.

111111, 111111 011111 noia 1111111111 1110 111111
601010111111011111111111161111111010161111 1 111-
111111. 194. 11111 1011 11111110101111111111, 11110-
11 11111 11 cy 061111111111110 1101111111111111111.

1111111, 1111111 101110111111111111 1111111111
1111111 1111 1111111.Γ.Χ1.135. 111111111. ΧΙΙΙ. 373.

1111, 011111 1111111 11111101111 111111111111

ΙΙΝΙνἘ-ΒἏΙᾯΥ (ΙΙ-’ἶ “ml-{RGAN ι-ΙΒ

 

