138

11110111 a, 1100 1111160111110110111111 0110-
je 11111 1110111. Μ. 250.

11110111111, 1101-16 1111 111111111110111111.
11. 90. 133. 1111111 ra 11 11110111111, 1011 11111. cf.
1μωῃ1 ’

111101111, 1111111 11111 1011 je 1111011111
1111011111111110 111111 1101111111 je 61110 une 111-
101111. Μ. 12. 13. (1111 mune 10101111). -Βο111011
1111101111 1110. 11. 10011 1111 1111011111110.11.117.
11110 611111111111 1011111·- Ilucap 11111111 11111-
11 1167-70, Μ. 501. -111111 1011111111,10111111111,
11111101111, 1111011111, 11101111, 10111101111,11111-

1111, 1111101111, 11111111, 11111111,
11111111111, 1118-35 11111 1111111 1110111111,

noue je 11111111 61111 0110 01011. Μ. 281. 31111116.
cs, 11110111111. -1111111 1111111011 11111 111111111-
10111111 1159. Μ. 111-11116111 1111011111 11111111,
111011 1110111111. Μ. 157.

1111011, 1111 11111110, 111111 10111111111,111111-
101111, 111111111.

111101111, 1219 1111111111 1111111111 1111111011
111111 11111101 11111111 11111111 (1011 1111111111 je ,
1011111111 111110 111111111). Μ. 31. -111111 60111-
01011 011111101101111 1111111111011111 11111 11-

11111 11101111 1119. Μ. 283. 291. -11011011111- 11111111
0111111111 11111 1111111111 11101111 1166. Μ. 11111.
6. 126. 1111111161011111 111111. 11. 6129. ,
11111, lupus: 111101111111 1110111111111010111-
1111 11111111 11111 1101110. 01. 26. 101111 101111011

01111111 111 11111 11111. 3. 50. - flue 1111101111
111111- 11111111 1396-1110. -11, 7. Μ. 111111. 216. 212.
201. zea-335. 568. 11. 62. nnmy 11111111111011 11111-

11111. Ji. 72. 75. 1 1111111111. A. 75. 1111111110111101
1101111111 111011. 75. —- 1111111111 mmm 11 1110111
joj 111111111 11111 1111111 1389111101 Μ. 261-Βο1-
101111111011 111110 611111 11111 §aaa 1393. 1. 1111.

 

