2³0

19. 11111111 1 11111111 111111111111111.11. 113. 1111·
1111111111.

1111111111,1111111111111011110 0101111111. 111111.

01111111,11111111111 11 0101111111 11111111. ,1. 172.

oporcnmjaemymyunxanjennymgs 6111111111218.

011111111, organum: 1111111111111111111111111
111111 6111111 111101111111 011111111110 1111111111
61111111111 0111111111 1161011111εοὶ 111 0111111. M. 198.

0111111, organum: 11111111 11111111111111 011111
11111111111111.1’.Χ1.85. 11111111 11101111, 1111111
10111111 11110111011. Μ. 560.

01111111, 111111, 111, -y 1110111111 611111111111·
nou: 11111(1) (11111111 0111111113

1111111111,111111 je 1111011 1111111111 011101 Γο-
pn 1111111 11 (1111111111. Μ. 126. 6111111110. Μ. 127.

11111111111111, τῆς 61111111111 1011111 111111111-
11111111. 131.

011111111, 11111 11111110, 111111 1111111111.

11111111111, 1011 6111111111 1111111111 0111111111-
111111 1111111 noba 11 1111111111 11111. Γ. XV. 296.

011111111, 11610111111 1111011 (1111111111116111
ny 111111, 10111 cy 11111111 11111111 1010011 *111111
0111111111 1117. Π. 6. 112.

0111111,1110111 111011011110111 11111111 11101
11110111, 1111011111 1161116111111111 1111 necnon
’1111111Β110111111 1111101101 11111 1111111111. 63. 11
1111111111. A. 73. 77. 1111111 11111111 01 611111111111611-
111111111 11111 1111111 1111101111111 1111110. 11.
11111111.

1111111111, pullus aquilae: 11111111. rme.
600. 271.

01111,1111111111101111101 11110101. 10. 111111 1111
111111111, 111 11101111 11110 1111 111101111111 11111-
111111111111 1111111111. 136. 01111 1111111111. 83.

01111, ·11,111111111111 11111 111111 11111111, 1111·
11111111 111111, ,1. 1111111118. 1111111 011111110111111.

 

