1111111114. a 11 611111110111111. Μ. 6. 113114
1111111111 mamm-fluum 1447-70. 11. 1. 110. Μ.
503. 505. 544. 1111111 1462. Π. 6. 117. 127. -111111470,
Μ. 514. 524. - 111111 1478, noue je 11111 6111 11111111-
11. Μ. 520. unaue ce 1111111111 ne 1111111111. - 1111111
1513,1111111111 ny je 1111111111 111111. Μ. 540. 111111
11111111 1111111111 111111 1 111111 11.

11111, 1111111111 11111 11111 je 11111 011111111-
111111111111 111 ium 11111 11 61111 nne. Μ. 12. 13.

1111111111, 1111111111 11111111111 1111111111 11-
1111111111 11111111 1253 11111111111111111111 11111111

1125411111 11111111111111111 11111111. M. 40. 43.
-111111420-27 y 1116111111 1111111. Μ. 200. 320. 347.

-1111111 1439. Μ. 402. 11. 1111111111.

1111111111,1111111111 1161111111 4111111, 1111
111111 1111111, 611 1111151111111 1414. Μ. 472.-

11111, procella: 11 11111111 111111111111111111
11111 1111111. Μ. 244.

11111, procella: 11111111111 1111 11111111111111·
111111111111111 1111111111 1111111 1111111111. Μ. 58.

111111111111, 1111111111, Μο111111,1ο111 njepyje
Μ111111ο1111111111111111111111111111111111.Μ.511.

11111, 11111 11111111 11111111 11111 11111 11111 (111-
111 111111111111111 1111 11111111. Μ. 12- 0111 11111·
11111 upum 11111111111 11111111 1111111111111 11
111111. Γ. Χ111. 371.

1111111, 111111 31111111111111111111111 11111111
111111 1111 1111111. Γ. 11111371. 11111Χ1111111111-
111111111111 11111 1111111. Γ. xl. 134.

111111, 1111111111,1111111 1111111111 1380 Έγ1111
1111111111 11111111 11111111 111111. Μ. 204. ,

1111111111, rora 1111111111 11111 1111 1161111-
11111111 11111111 1400. Π. 70. -111111 1411. 11. 101.103.

’ 101-111111 1411. Μ. 103.

1111111111, 11111111 11111 11 11111 Μ111111 111
1111111111 11111111111 11 111111111111111111111 ν’

 

