11111111111111 1111111111 y 111101 11111111111111
111111. 11111--11611111111 11111111 1111111111 1107.
11. 111-0111 noio je 11111 11111111 1111111ο Xu-
11111111 1111111111.Μ.58. 1 το je 11111111111111-
1111111110. 1111116111· 11 je 1 1111111111.

1111111, 11111111 (1111111111 1 11111111 11111111
111111 y 1111111111 1111111111111 1111111 1111111111111.

1111111, Petri} 111111 11111111 (r. j. 111111, 1111
1111 6111111111 1111111111 111111). M. 17. 1111111111 11-
1111111. j. 1111111 111111 y 1111115111).11.118. 11·
1111111111 y 111111 1111111 11111 11 111111 11111 11·
11111111111.Μ.111. 11 11111111111(19111.).111.188.1111
11111 11111111 1111111111111111111111 611111 Pa·
1111111111). 11. 135.

111111111111, 1111111111111111111111 11111111·
1111111111 ono 1111111111. 101. 312.

111111111, 11111111111111111111, 1111111111 11
111111 1111111 f 111111 1111111111 11111111.

1111111, anonymo, 1111111111111111111111111.

11111111, 1111111111 nole 1111 0111111111 111-
111111111111111 y sspnapeny 11111 6111111 11111111.

11111111, (311111111111111111611111 11111111111
111 111 11111111. n. 178.

11111111, 1111 toja je 61161111111111111111
01111111 1111 1111111111111 11111111111 1 111111111 1
1111111 111311. 711.

11111111, 11111111 11 11111111, 1 11111111 uie·

11111111, 1111111111 111 11111111 1105. mm.

11111, Petrus: 1101111, 111111 cy 1 111111 1111·
1111111111111111, y 110111 11 11111111 1111111111
01111111111111 1111111 1111111111 111111, 111 ce 111·
11111111 0111111 111111111111111 11 3111 1111 ra
11 111 111110 111111111111111111111111111111 111
¹0 11111 1111 1111111111. (11.1. Ca. 11. a 111 je 111·
11111111111. 11111. M& 1111111111 111111 0111111111·

 

