452

1111111111, agere (11111111 11 11111111 11111111
111111 111111111111. Μ. 241. rs. 1111111111.

111111111111,111111111111111111111111 11111111 11
111111. 0120. 1111111111 111111111111111111111111111·
1111111. 211. deductio: 1 11111111111 1111111. 3. 37. 11.
1111111, 1111111111.

1111111111111, annunciare: 1111111 111111111-
11111111 1111111111111.01. 1.

1111111111, praescire: 11 1111 11111111 1111111110.
1111, 11111111 111111. 7.

1111111111, eloqui: 111111111111111111111111·

1111111111. 58.
1111111, cemma 11111111Μ11111 1 1111111111 1111

je 1111111111 111 Ρ11111111 111111 je 111111 11 111111-
111011. 1817. 1111. meram-ruo y M. 197.

111111111111,1111111111111111111111111111111-
1111111 1111111.01. 8.

1111111111, declarare: 11111111 111111111111 (y
1111 111111111111110 crojrr 1 111111 111111111111111
rre 11161) 1111111111111111111111111 111111 1111111111.
Μ. 252. 1111111111 11111. Μ. 1611111111111111 11111
111111 11111111, 1111111111 11111111 11111111 11111111
1111111111165.

1111111111, 1111111111 111 111111 11111111 (111
1111111) 1 111111. Μ. 550. 11111 111111 11111111 111111·
μω1Μ1Μ.

1111111111, expulsio: 1111111 11111111 1111111111.
111. 11111111 11111111 1 1111111111 (1111111111 11111·
111 111111 1111111 11111 1111111111 1111111161)
1111 111111111111. 11111.

11111111, expellere: 11111111 111, 1 1111111 111111·

111111 1111111 111111111. 0127. 11111111111 1111111
11111 1 1111111111, 11 11 11111111111111111,11111’11111
11. 3. 311. 111 11111111 1111111111 11111 1111111 1111111111,
1 1111111111111 11111 11111111. 1132. 111 1111111111111·
111 urm, 1111 111 1 1111111. 3. 110. 1111 111 11111111.

 

